% time	cellId	IMSI	RNTI	scPrdStartFr	scPrdStartSf	schStartFr	schStartSf	currFr	currSf	mcs	TBS	psschRB	psschLen
2084	0	1	1	209	1	209	9	209	9	16	193	18	5
2084	0	2	2	209	1	209	9	209	9	16	193	1	5
2084	0	3	3	209	1	209	9	209	9	16	193	9	5
2084	0	4	4	209	1	209	9	209	9	16	193	33	5
2084	0	5	5	209	1	209	9	209	9	16	193	4	5
2084	0	6	6	209	1	209	9	209	9	16	193	41	5
2084	0	7	7	209	1	209	9	209	9	16	193	10	5
2084	0	8	8	209	1	209	9	209	9	16	193	24	5
2084	0	9	9	209	1	209	9	209	9	16	193	35	5
2084	0	10	10	209	1	209	9	209	9	16	193	39	5
2084	0	11	11	209	1	209	9	209	9	16	193	7	5
2092	0	1	1	209	1	209	9	210	7	16	193	18	5
2092	0	2	2	209	1	209	9	210	7	16	193	1	5
2092	0	3	3	209	1	209	9	210	7	16	193	9	5
2092	0	4	4	209	1	209	9	210	7	16	193	33	5
2092	0	5	5	209	1	209	9	210	7	16	193	4	5
2092	0	6	6	209	1	209	9	210	7	16	193	41	5
2092	0	7	7	209	1	209	9	210	7	16	193	10	5
2092	0	8	8	209	1	209	9	210	7	16	193	24	5
2092	0	9	9	209	1	209	9	210	7	16	193	35	5
2092	0	10	10	209	1	209	9	210	7	16	193	39	5
2092	0	11	11	209	1	209	9	210	7	16	193	7	5
2100	0	1	1	209	1	209	9	211	5	16	193	18	5
2100	0	2	2	209	1	209	9	211	5	16	193	1	5
2100	0	3	3	209	1	209	9	211	5	16	193	9	5
2100	0	4	4	209	1	209	9	211	5	16	193	33	5
2100	0	5	5	209	1	209	9	211	5	16	193	4	5
2100	0	6	6	209	1	209	9	211	5	16	193	41	5
2100	0	7	7	209	1	209	9	211	5	16	193	10	5
2100	0	8	8	209	1	209	9	211	5	16	193	24	5
2100	0	9	9	209	1	209	9	211	5	16	193	35	5
2100	0	10	10	209	1	209	9	211	5	16	193	39	5
2100	0	11	11	209	1	209	9	211	5	16	193	7	5
2108	0	1	1	209	1	209	9	212	3	16	193	18	5
2108	0	2	2	209	1	209	9	212	3	16	193	1	5
2108	0	3	3	209	1	209	9	212	3	16	193	9	5
2108	0	4	4	209	1	209	9	212	3	16	193	33	5
2108	0	5	5	209	1	209	9	212	3	16	193	4	5
2108	0	6	6	209	1	209	9	212	3	16	193	41	5
2108	0	7	7	209	1	209	9	212	3	16	193	10	5
2108	0	8	8	209	1	209	9	212	3	16	193	24	5
2108	0	9	9	209	1	209	9	212	3	16	193	35	5
2108	0	10	10	209	1	209	9	212	3	16	193	39	5
2108	0	11	11	209	1	209	9	212	3	16	193	7	5
2164	0	1	1	217	1	217	9	217	9	16	193	0	5
2164	0	2	2	217	1	217	9	217	9	16	193	11	5
2164	0	3	3	217	1	217	9	217	9	16	193	17	5
2164	0	4	4	217	1	217	9	217	9	16	193	37	5
2164	0	5	5	217	1	217	9	217	9	16	193	1	5
2164	0	6	6	217	1	217	9	217	9	16	193	33	5
2164	0	7	7	217	1	217	9	217	9	16	193	45	5
2164	0	8	8	217	1	217	9	217	9	16	193	8	5
2164	0	9	9	217	1	217	9	217	9	16	193	19	5
2164	0	10	10	217	1	217	9	217	9	16	193	21	5
2164	0	11	11	217	1	217	9	217	9	16	193	27	5
2172	0	1	1	217	1	217	9	218	7	16	193	0	5
2172	0	2	2	217	1	217	9	218	7	16	193	11	5
2172	0	3	3	217	1	217	9	218	7	16	193	17	5
2172	0	4	4	217	1	217	9	218	7	16	193	37	5
2172	0	5	5	217	1	217	9	218	7	16	193	1	5
2172	0	6	6	217	1	217	9	218	7	16	193	33	5
2172	0	7	7	217	1	217	9	218	7	16	193	45	5
2172	0	8	8	217	1	217	9	218	7	16	193	8	5
2172	0	9	9	217	1	217	9	218	7	16	193	19	5
2172	0	10	10	217	1	217	9	218	7	16	193	21	5
2172	0	11	11	217	1	217	9	218	7	16	193	27	5
2180	0	1	1	217	1	217	9	219	5	16	193	0	5
2180	0	2	2	217	1	217	9	219	5	16	193	11	5
2180	0	3	3	217	1	217	9	219	5	16	193	17	5
2180	0	4	4	217	1	217	9	219	5	16	193	37	5
2180	0	5	5	217	1	217	9	219	5	16	193	1	5
2180	0	6	6	217	1	217	9	219	5	16	193	33	5
2180	0	7	7	217	1	217	9	219	5	16	193	45	5
2180	0	8	8	217	1	217	9	219	5	16	193	8	5
2180	0	9	9	217	1	217	9	219	5	16	193	19	5
2180	0	10	10	217	1	217	9	219	5	16	193	21	5
2180	0	11	11	217	1	217	9	219	5	16	193	27	5
2188	0	1	1	217	1	217	9	220	3	16	193	0	5
2188	0	2	2	217	1	217	9	220	3	16	193	11	5
2188	0	3	3	217	1	217	9	220	3	16	193	17	5
2188	0	4	4	217	1	217	9	220	3	16	193	37	5
2188	0	5	5	217	1	217	9	220	3	16	193	1	5
2188	0	6	6	217	1	217	9	220	3	16	193	33	5
2188	0	7	7	217	1	217	9	220	3	16	193	45	5
2188	0	8	8	217	1	217	9	220	3	16	193	8	5
2188	0	9	9	217	1	217	9	220	3	16	193	19	5
2188	0	10	10	217	1	217	9	220	3	16	193	21	5
2188	0	11	11	217	1	217	9	220	3	16	193	27	5
2204	0	1	1	221	1	221	9	221	9	16	193	2	5
2204	0	2	2	221	1	221	9	221	9	16	193	36	5
2204	0	3	3	221	1	221	9	221	9	16	193	4	5
2204	0	4	4	221	1	221	9	221	9	16	193	16	5
2204	0	5	5	221	1	221	9	221	9	16	193	11	5
2204	0	6	6	221	1	221	9	221	9	16	193	6	5
2204	0	7	7	221	1	221	9	221	9	16	193	18	5
2204	0	8	8	221	1	221	9	221	9	16	193	25	5
2204	0	9	9	221	1	221	9	221	9	16	193	21	5
2204	0	10	10	221	1	221	9	221	9	16	193	2	5
2204	0	11	11	221	1	221	9	221	9	16	193	15	5
2212	0	1	1	221	1	221	9	222	7	16	193	2	5
2212	0	2	2	221	1	221	9	222	7	16	193	36	5
2212	0	3	3	221	1	221	9	222	7	16	193	4	5
2212	0	4	4	221	1	221	9	222	7	16	193	16	5
2212	0	5	5	221	1	221	9	222	7	16	193	11	5
2212	0	6	6	221	1	221	9	222	7	16	193	6	5
2212	0	7	7	221	1	221	9	222	7	16	193	18	5
2212	0	8	8	221	1	221	9	222	7	16	193	25	5
2212	0	9	9	221	1	221	9	222	7	16	193	21	5
2212	0	10	10	221	1	221	9	222	7	16	193	2	5
2212	0	11	11	221	1	221	9	222	7	16	193	15	5
2220	0	1	1	221	1	221	9	223	5	16	193	2	5
2220	0	2	2	221	1	221	9	223	5	16	193	36	5
2220	0	3	3	221	1	221	9	223	5	16	193	4	5
2220	0	4	4	221	1	221	9	223	5	16	193	16	5
2220	0	5	5	221	1	221	9	223	5	16	193	11	5
2220	0	6	6	221	1	221	9	223	5	16	193	6	5
2220	0	7	7	221	1	221	9	223	5	16	193	18	5
2220	0	8	8	221	1	221	9	223	5	16	193	25	5
2220	0	9	9	221	1	221	9	223	5	16	193	21	5
2220	0	10	10	221	1	221	9	223	5	16	193	2	5
2220	0	11	11	221	1	221	9	223	5	16	193	15	5
2228	0	1	1	221	1	221	9	224	3	16	193	2	5
2228	0	2	2	221	1	221	9	224	3	16	193	36	5
2228	0	3	3	221	1	221	9	224	3	16	193	4	5
2228	0	4	4	221	1	221	9	224	3	16	193	16	5
2228	0	5	5	221	1	221	9	224	3	16	193	11	5
2228	0	6	6	221	1	221	9	224	3	16	193	6	5
2228	0	7	7	221	1	221	9	224	3	16	193	18	5
2228	0	8	8	221	1	221	9	224	3	16	193	25	5
2228	0	9	9	221	1	221	9	224	3	16	193	21	5
2228	0	10	10	221	1	221	9	224	3	16	193	2	5
2228	0	11	11	221	1	221	9	224	3	16	193	15	5
2284	0	1	1	229	1	229	9	229	9	16	193	26	5
2284	0	2	2	229	1	229	9	229	9	16	193	36	5
2284	0	3	3	229	1	229	9	229	9	16	193	30	5
2284	0	4	4	229	1	229	9	229	9	16	193	43	5
2284	0	5	5	229	1	229	9	229	9	16	193	39	5
2284	0	6	6	229	1	229	9	229	9	16	193	41	5
2284	0	7	7	229	1	229	9	229	9	16	193	38	5
2284	0	8	8	229	1	229	9	229	9	16	193	7	5
2284	0	9	9	229	1	229	9	229	9	16	193	20	5
2284	0	10	10	229	1	229	9	229	9	16	193	11	5
2284	0	11	11	229	1	229	9	229	9	16	193	20	5
2292	0	1	1	229	1	229	9	230	7	16	193	26	5
2292	0	2	2	229	1	229	9	230	7	16	193	36	5
2292	0	3	3	229	1	229	9	230	7	16	193	30	5
2292	0	4	4	229	1	229	9	230	7	16	193	43	5
2292	0	5	5	229	1	229	9	230	7	16	193	39	5
2292	0	6	6	229	1	229	9	230	7	16	193	41	5
2292	0	7	7	229	1	229	9	230	7	16	193	38	5
2292	0	8	8	229	1	229	9	230	7	16	193	7	5
2292	0	9	9	229	1	229	9	230	7	16	193	20	5
2292	0	10	10	229	1	229	9	230	7	16	193	11	5
2292	0	11	11	229	1	229	9	230	7	16	193	20	5
2300	0	1	1	229	1	229	9	231	5	16	193	26	5
2300	0	2	2	229	1	229	9	231	5	16	193	36	5
2300	0	3	3	229	1	229	9	231	5	16	193	30	5
2300	0	4	4	229	1	229	9	231	5	16	193	43	5
2300	0	5	5	229	1	229	9	231	5	16	193	39	5
2300	0	6	6	229	1	229	9	231	5	16	193	41	5
2300	0	7	7	229	1	229	9	231	5	16	193	38	5
2300	0	8	8	229	1	229	9	231	5	16	193	7	5
2300	0	9	9	229	1	229	9	231	5	16	193	20	5
2300	0	10	10	229	1	229	9	231	5	16	193	11	5
2300	0	11	11	229	1	229	9	231	5	16	193	20	5
2308	0	1	1	229	1	229	9	232	3	16	193	26	5
2308	0	2	2	229	1	229	9	232	3	16	193	36	5
2308	0	3	3	229	1	229	9	232	3	16	193	30	5
2308	0	4	4	229	1	229	9	232	3	16	193	43	5
2308	0	5	5	229	1	229	9	232	3	16	193	39	5
2308	0	6	6	229	1	229	9	232	3	16	193	41	5
2308	0	7	7	229	1	229	9	232	3	16	193	38	5
2308	0	8	8	229	1	229	9	232	3	16	193	7	5
2308	0	9	9	229	1	229	9	232	3	16	193	20	5
2308	0	10	10	229	1	229	9	232	3	16	193	11	5
2308	0	11	11	229	1	229	9	232	3	16	193	20	5
2364	0	1	1	237	1	237	9	237	9	16	193	23	5
2364	0	2	2	237	1	237	9	237	9	16	193	7	5
2364	0	3	3	237	1	237	9	237	9	16	193	21	5
2364	0	4	4	237	1	237	9	237	9	16	193	30	5
2364	0	5	5	237	1	237	9	237	9	16	193	12	5
2364	0	6	6	237	1	237	9	237	9	16	193	11	5
2364	0	7	7	237	1	237	9	237	9	16	193	0	5
2364	0	8	8	237	1	237	9	237	9	16	193	4	5
2364	0	9	9	237	1	237	9	237	9	16	193	19	5
2364	0	10	10	237	1	237	9	237	9	16	193	27	5
2364	0	11	11	237	1	237	9	237	9	16	193	14	5
2372	0	1	1	237	1	237	9	238	7	16	193	23	5
2372	0	2	2	237	1	237	9	238	7	16	193	7	5
2372	0	3	3	237	1	237	9	238	7	16	193	21	5
2372	0	4	4	237	1	237	9	238	7	16	193	30	5
2372	0	5	5	237	1	237	9	238	7	16	193	12	5
2372	0	6	6	237	1	237	9	238	7	16	193	11	5
2372	0	7	7	237	1	237	9	238	7	16	193	0	5
2372	0	8	8	237	1	237	9	238	7	16	193	4	5
2372	0	9	9	237	1	237	9	238	7	16	193	19	5
2372	0	10	10	237	1	237	9	238	7	16	193	27	5
2372	0	11	11	237	1	237	9	238	7	16	193	14	5
2380	0	1	1	237	1	237	9	239	5	16	193	23	5
2380	0	2	2	237	1	237	9	239	5	16	193	7	5
2380	0	3	3	237	1	237	9	239	5	16	193	21	5
2380	0	4	4	237	1	237	9	239	5	16	193	30	5
2380	0	5	5	237	1	237	9	239	5	16	193	12	5
2380	0	6	6	237	1	237	9	239	5	16	193	11	5
2380	0	7	7	237	1	237	9	239	5	16	193	0	5
2380	0	8	8	237	1	237	9	239	5	16	193	4	5
2380	0	9	9	237	1	237	9	239	5	16	193	19	5
2380	0	10	10	237	1	237	9	239	5	16	193	27	5
2380	0	11	11	237	1	237	9	239	5	16	193	14	5
2388	0	1	1	237	1	237	9	240	3	16	193	23	5
2388	0	2	2	237	1	237	9	240	3	16	193	7	5
2388	0	3	3	237	1	237	9	240	3	16	193	21	5
2388	0	4	4	237	1	237	9	240	3	16	193	30	5
2388	0	5	5	237	1	237	9	240	3	16	193	12	5
2388	0	6	6	237	1	237	9	240	3	16	193	11	5
2388	0	7	7	237	1	237	9	240	3	16	193	0	5
2388	0	8	8	237	1	237	9	240	3	16	193	4	5
2388	0	9	9	237	1	237	9	240	3	16	193	19	5
2388	0	10	10	237	1	237	9	240	3	16	193	27	5
2388	0	11	11	237	1	237	9	240	3	16	193	14	5
2404	0	1	1	241	1	241	9	241	9	16	193	16	5
2404	0	2	2	241	1	241	9	241	9	16	193	10	5
2404	0	3	3	241	1	241	9	241	9	16	193	14	5
2404	0	4	4	241	1	241	9	241	9	16	193	37	5
2404	0	5	5	241	1	241	9	241	9	16	193	44	5
2404	0	6	6	241	1	241	9	241	9	16	193	5	5
2404	0	7	7	241	1	241	9	241	9	16	193	2	5
2404	0	8	8	241	1	241	9	241	9	16	193	14	5
2404	0	9	9	241	1	241	9	241	9	16	193	22	5
2404	0	10	10	241	1	241	9	241	9	16	193	20	5
2404	0	11	11	241	1	241	9	241	9	16	193	2	5
2412	0	1	1	241	1	241	9	242	7	16	193	16	5
2412	0	2	2	241	1	241	9	242	7	16	193	10	5
2412	0	3	3	241	1	241	9	242	7	16	193	14	5
2412	0	4	4	241	1	241	9	242	7	16	193	37	5
2412	0	5	5	241	1	241	9	242	7	16	193	44	5
2412	0	6	6	241	1	241	9	242	7	16	193	5	5
2412	0	7	7	241	1	241	9	242	7	16	193	2	5
2412	0	8	8	241	1	241	9	242	7	16	193	14	5
2412	0	9	9	241	1	241	9	242	7	16	193	22	5
2412	0	10	10	241	1	241	9	242	7	16	193	20	5
2412	0	11	11	241	1	241	9	242	7	16	193	2	5
2420	0	1	1	241	1	241	9	243	5	16	193	16	5
2420	0	2	2	241	1	241	9	243	5	16	193	10	5
2420	0	3	3	241	1	241	9	243	5	16	193	14	5
2420	0	4	4	241	1	241	9	243	5	16	193	37	5
2420	0	5	5	241	1	241	9	243	5	16	193	44	5
2420	0	6	6	241	1	241	9	243	5	16	193	5	5
2420	0	7	7	241	1	241	9	243	5	16	193	2	5
2420	0	8	8	241	1	241	9	243	5	16	193	14	5
2420	0	9	9	241	1	241	9	243	5	16	193	22	5
2420	0	10	10	241	1	241	9	243	5	16	193	20	5
2420	0	11	11	241	1	241	9	243	5	16	193	2	5
2428	0	1	1	241	1	241	9	244	3	16	193	16	5
2428	0	2	2	241	1	241	9	244	3	16	193	10	5
2428	0	3	3	241	1	241	9	244	3	16	193	14	5
2428	0	4	4	241	1	241	9	244	3	16	193	37	5
2428	0	5	5	241	1	241	9	244	3	16	193	44	5
2428	0	6	6	241	1	241	9	244	3	16	193	5	5
2428	0	7	7	241	1	241	9	244	3	16	193	2	5
2428	0	8	8	241	1	241	9	244	3	16	193	14	5
2428	0	9	9	241	1	241	9	244	3	16	193	22	5
2428	0	10	10	241	1	241	9	244	3	16	193	20	5
2428	0	11	11	241	1	241	9	244	3	16	193	2	5
2484	0	1	1	249	1	249	9	249	9	16	193	40	5
2484	0	2	2	249	1	249	9	249	9	16	193	7	5
2484	0	3	3	249	1	249	9	249	9	16	193	39	5
2484	0	4	4	249	1	249	9	249	9	16	193	13	5
2484	0	5	5	249	1	249	9	249	9	16	193	28	5
2484	0	6	6	249	1	249	9	249	9	16	193	15	5
2484	0	7	7	249	1	249	9	249	9	16	193	33	5
2484	0	8	8	249	1	249	9	249	9	16	193	41	5
2484	0	9	9	249	1	249	9	249	9	16	193	39	5
2484	0	10	10	249	1	249	9	249	9	16	193	9	5
2484	0	11	11	249	1	249	9	249	9	16	193	5	5
2492	0	1	1	249	1	249	9	250	7	16	193	40	5
2492	0	2	2	249	1	249	9	250	7	16	193	7	5
2492	0	3	3	249	1	249	9	250	7	16	193	39	5
2492	0	4	4	249	1	249	9	250	7	16	193	13	5
2492	0	5	5	249	1	249	9	250	7	16	193	28	5
2492	0	6	6	249	1	249	9	250	7	16	193	15	5
2492	0	7	7	249	1	249	9	250	7	16	193	33	5
2492	0	8	8	249	1	249	9	250	7	16	193	41	5
2492	0	9	9	249	1	249	9	250	7	16	193	39	5
2492	0	10	10	249	1	249	9	250	7	16	193	9	5
2492	0	11	11	249	1	249	9	250	7	16	193	5	5
2500	0	1	1	249	1	249	9	251	5	16	193	40	5
2500	0	2	2	249	1	249	9	251	5	16	193	7	5
2500	0	3	3	249	1	249	9	251	5	16	193	39	5
2500	0	4	4	249	1	249	9	251	5	16	193	13	5
2500	0	5	5	249	1	249	9	251	5	16	193	28	5
2500	0	6	6	249	1	249	9	251	5	16	193	15	5
2500	0	7	7	249	1	249	9	251	5	16	193	33	5
2500	0	8	8	249	1	249	9	251	5	16	193	41	5
2500	0	9	9	249	1	249	9	251	5	16	193	39	5
2500	0	10	10	249	1	249	9	251	5	16	193	9	5
2500	0	11	11	249	1	249	9	251	5	16	193	5	5
2508	0	1	1	249	1	249	9	252	3	16	193	40	5
2508	0	2	2	249	1	249	9	252	3	16	193	7	5
2508	0	3	3	249	1	249	9	252	3	16	193	39	5
2508	0	4	4	249	1	249	9	252	3	16	193	13	5
2508	0	5	5	249	1	249	9	252	3	16	193	28	5
2508	0	6	6	249	1	249	9	252	3	16	193	15	5
2508	0	7	7	249	1	249	9	252	3	16	193	33	5
2508	0	8	8	249	1	249	9	252	3	16	193	41	5
2508	0	9	9	249	1	249	9	252	3	16	193	39	5
2508	0	10	10	249	1	249	9	252	3	16	193	9	5
2508	0	11	11	249	1	249	9	252	3	16	193	5	5
2524	0	1	1	253	1	253	9	253	9	16	193	37	5
2524	0	2	2	253	1	253	9	253	9	16	193	4	5
2524	0	3	3	253	1	253	9	253	9	16	193	18	5
2524	0	4	4	253	1	253	9	253	9	16	193	38	5
2524	0	5	5	253	1	253	9	253	9	16	193	25	5
2524	0	6	6	253	1	253	9	253	9	16	193	3	5
2524	0	7	7	253	1	253	9	253	9	16	193	45	5
2524	0	8	8	253	1	253	9	253	9	16	193	18	5
2524	0	9	9	253	1	253	9	253	9	16	193	40	5
2524	0	10	10	253	1	253	9	253	9	16	193	23	5
2524	0	11	11	253	1	253	9	253	9	16	193	30	5
2532	0	1	1	253	1	253	9	254	7	16	193	37	5
2532	0	2	2	253	1	253	9	254	7	16	193	4	5
2532	0	3	3	253	1	253	9	254	7	16	193	18	5
2532	0	4	4	253	1	253	9	254	7	16	193	38	5
2532	0	5	5	253	1	253	9	254	7	16	193	25	5
2532	0	6	6	253	1	253	9	254	7	16	193	3	5
2532	0	7	7	253	1	253	9	254	7	16	193	45	5
2532	0	8	8	253	1	253	9	254	7	16	193	18	5
2532	0	9	9	253	1	253	9	254	7	16	193	40	5
2532	0	10	10	253	1	253	9	254	7	16	193	23	5
2532	0	11	11	253	1	253	9	254	7	16	193	30	5
2540	0	1	1	253	1	253	9	255	5	16	193	37	5
2540	0	2	2	253	1	253	9	255	5	16	193	4	5
2540	0	3	3	253	1	253	9	255	5	16	193	18	5
2540	0	4	4	253	1	253	9	255	5	16	193	38	5
2540	0	5	5	253	1	253	9	255	5	16	193	25	5
2540	0	6	6	253	1	253	9	255	5	16	193	3	5
2540	0	7	7	253	1	253	9	255	5	16	193	45	5
2540	0	8	8	253	1	253	9	255	5	16	193	18	5
2540	0	9	9	253	1	253	9	255	5	16	193	40	5
2540	0	10	10	253	1	253	9	255	5	16	193	23	5
2540	0	11	11	253	1	253	9	255	5	16	193	30	5
2548	0	1	1	253	1	253	9	256	3	16	193	37	5
2548	0	2	2	253	1	253	9	256	3	16	193	4	5
2548	0	3	3	253	1	253	9	256	3	16	193	18	5
2548	0	4	4	253	1	253	9	256	3	16	193	38	5
2548	0	5	5	253	1	253	9	256	3	16	193	25	5
2548	0	6	6	253	1	253	9	256	3	16	193	3	5
2548	0	7	7	253	1	253	9	256	3	16	193	45	5
2548	0	8	8	253	1	253	9	256	3	16	193	18	5
2548	0	9	9	253	1	253	9	256	3	16	193	40	5
2548	0	10	10	253	1	253	9	256	3	16	193	23	5
2548	0	11	11	253	1	253	9	256	3	16	193	30	5
2604	0	1	1	261	1	261	9	261	9	16	193	17	5
2604	0	2	2	261	1	261	9	261	9	16	193	37	5
2604	0	3	3	261	1	261	9	261	9	16	193	31	5
2604	0	4	4	261	1	261	9	261	9	16	193	11	5
2604	0	5	5	261	1	261	9	261	9	16	193	32	5
2604	0	6	6	261	1	261	9	261	9	16	193	15	5
2604	0	7	7	261	1	261	9	261	9	16	193	41	5
2604	0	8	8	261	1	261	9	261	9	16	193	5	5
2604	0	9	9	261	1	261	9	261	9	16	193	34	5
2604	0	10	10	261	1	261	9	261	9	16	193	6	5
2604	0	11	11	261	1	261	9	261	9	16	193	11	5
2612	0	1	1	261	1	261	9	262	7	16	193	17	5
2612	0	2	2	261	1	261	9	262	7	16	193	37	5
2612	0	3	3	261	1	261	9	262	7	16	193	31	5
2612	0	4	4	261	1	261	9	262	7	16	193	11	5
2612	0	5	5	261	1	261	9	262	7	16	193	32	5
2612	0	6	6	261	1	261	9	262	7	16	193	15	5
2612	0	7	7	261	1	261	9	262	7	16	193	41	5
2612	0	8	8	261	1	261	9	262	7	16	193	5	5
2612	0	9	9	261	1	261	9	262	7	16	193	34	5
2612	0	10	10	261	1	261	9	262	7	16	193	6	5
2612	0	11	11	261	1	261	9	262	7	16	193	11	5
2620	0	1	1	261	1	261	9	263	5	16	193	17	5
2620	0	2	2	261	1	261	9	263	5	16	193	37	5
2620	0	3	3	261	1	261	9	263	5	16	193	31	5
2620	0	4	4	261	1	261	9	263	5	16	193	11	5
2620	0	5	5	261	1	261	9	263	5	16	193	32	5
2620	0	6	6	261	1	261	9	263	5	16	193	15	5
2620	0	7	7	261	1	261	9	263	5	16	193	41	5
2620	0	8	8	261	1	261	9	263	5	16	193	5	5
2620	0	9	9	261	1	261	9	263	5	16	193	34	5
2620	0	10	10	261	1	261	9	263	5	16	193	6	5
2620	0	11	11	261	1	261	9	263	5	16	193	11	5
2628	0	1	1	261	1	261	9	264	3	16	193	17	5
2628	0	2	2	261	1	261	9	264	3	16	193	37	5
2628	0	3	3	261	1	261	9	264	3	16	193	31	5
2628	0	4	4	261	1	261	9	264	3	16	193	11	5
2628	0	5	5	261	1	261	9	264	3	16	193	32	5
2628	0	6	6	261	1	261	9	264	3	16	193	15	5
2628	0	7	7	261	1	261	9	264	3	16	193	41	5
2628	0	8	8	261	1	261	9	264	3	16	193	5	5
2628	0	9	9	261	1	261	9	264	3	16	193	34	5
2628	0	10	10	261	1	261	9	264	3	16	193	6	5
2628	0	11	11	261	1	261	9	264	3	16	193	11	5
2684	0	1	1	269	1	269	9	269	9	16	193	44	5
2684	0	2	2	269	1	269	9	269	9	16	193	11	5
2684	0	3	3	269	1	269	9	269	9	16	193	10	5
2684	0	4	4	269	1	269	9	269	9	16	193	16	5
2684	0	5	5	269	1	269	9	269	9	16	193	2	5
2684	0	6	6	269	1	269	9	269	9	16	193	41	5
2684	0	7	7	269	1	269	9	269	9	16	193	20	5
2684	0	8	8	269	1	269	9	269	9	16	193	32	5
2684	0	9	9	269	1	269	9	269	9	16	193	33	5
2684	0	10	10	269	1	269	9	269	9	16	193	20	5
2684	0	11	11	269	1	269	9	269	9	16	193	12	5
2692	0	1	1	269	1	269	9	270	7	16	193	44	5
2692	0	2	2	269	1	269	9	270	7	16	193	11	5
2692	0	3	3	269	1	269	9	270	7	16	193	10	5
2692	0	4	4	269	1	269	9	270	7	16	193	16	5
2692	0	5	5	269	1	269	9	270	7	16	193	2	5
2692	0	6	6	269	1	269	9	270	7	16	193	41	5
2692	0	7	7	269	1	269	9	270	7	16	193	20	5
2692	0	8	8	269	1	269	9	270	7	16	193	32	5
2692	0	9	9	269	1	269	9	270	7	16	193	33	5
2692	0	10	10	269	1	269	9	270	7	16	193	20	5
2692	0	11	11	269	1	269	9	270	7	16	193	12	5
2700	0	1	1	269	1	269	9	271	5	16	193	44	5
2700	0	2	2	269	1	269	9	271	5	16	193	11	5
2700	0	3	3	269	1	269	9	271	5	16	193	10	5
2700	0	4	4	269	1	269	9	271	5	16	193	16	5
2700	0	5	5	269	1	269	9	271	5	16	193	2	5
2700	0	6	6	269	1	269	9	271	5	16	193	41	5
2700	0	7	7	269	1	269	9	271	5	16	193	20	5
2700	0	8	8	269	1	269	9	271	5	16	193	32	5
2700	0	9	9	269	1	269	9	271	5	16	193	33	5
2700	0	10	10	269	1	269	9	271	5	16	193	20	5
2700	0	11	11	269	1	269	9	271	5	16	193	12	5
2708	0	1	1	269	1	269	9	272	3	16	193	44	5
2708	0	2	2	269	1	269	9	272	3	16	193	11	5
2708	0	3	3	269	1	269	9	272	3	16	193	10	5
2708	0	4	4	269	1	269	9	272	3	16	193	16	5
2708	0	5	5	269	1	269	9	272	3	16	193	2	5
2708	0	6	6	269	1	269	9	272	3	16	193	41	5
2708	0	7	7	269	1	269	9	272	3	16	193	20	5
2708	0	8	8	269	1	269	9	272	3	16	193	32	5
2708	0	9	9	269	1	269	9	272	3	16	193	33	5
2708	0	10	10	269	1	269	9	272	3	16	193	20	5
2708	0	11	11	269	1	269	9	272	3	16	193	12	5
2724	0	1	1	273	1	273	9	273	9	16	193	2	5
2724	0	2	2	273	1	273	9	273	9	16	193	10	5
2724	0	3	3	273	1	273	9	273	9	16	193	18	5
2724	0	4	4	273	1	273	9	273	9	16	193	17	5
2724	0	5	5	273	1	273	9	273	9	16	193	24	5
2724	0	6	6	273	1	273	9	273	9	16	193	44	5
2724	0	7	7	273	1	273	9	273	9	16	193	33	5
2724	0	8	8	273	1	273	9	273	9	16	193	22	5
2724	0	9	9	273	1	273	9	273	9	16	193	0	5
2724	0	10	10	273	1	273	9	273	9	16	193	13	5
2724	0	11	11	273	1	273	9	273	9	16	193	32	5
2732	0	1	1	273	1	273	9	274	7	16	193	2	5
2732	0	2	2	273	1	273	9	274	7	16	193	10	5
2732	0	3	3	273	1	273	9	274	7	16	193	18	5
2732	0	4	4	273	1	273	9	274	7	16	193	17	5
2732	0	5	5	273	1	273	9	274	7	16	193	24	5
2732	0	6	6	273	1	273	9	274	7	16	193	44	5
2732	0	7	7	273	1	273	9	274	7	16	193	33	5
2732	0	8	8	273	1	273	9	274	7	16	193	22	5
2732	0	9	9	273	1	273	9	274	7	16	193	0	5
2732	0	10	10	273	1	273	9	274	7	16	193	13	5
2732	0	11	11	273	1	273	9	274	7	16	193	32	5
2740	0	1	1	273	1	273	9	275	5	16	193	2	5
2740	0	2	2	273	1	273	9	275	5	16	193	10	5
2740	0	3	3	273	1	273	9	275	5	16	193	18	5
2740	0	4	4	273	1	273	9	275	5	16	193	17	5
2740	0	5	5	273	1	273	9	275	5	16	193	24	5
2740	0	6	6	273	1	273	9	275	5	16	193	44	5
2740	0	7	7	273	1	273	9	275	5	16	193	33	5
2740	0	8	8	273	1	273	9	275	5	16	193	22	5
2740	0	9	9	273	1	273	9	275	5	16	193	0	5
2740	0	10	10	273	1	273	9	275	5	16	193	13	5
2740	0	11	11	273	1	273	9	275	5	16	193	32	5
2748	0	1	1	273	1	273	9	276	3	16	193	2	5
2748	0	2	2	273	1	273	9	276	3	16	193	10	5
2748	0	3	3	273	1	273	9	276	3	16	193	18	5
2748	0	4	4	273	1	273	9	276	3	16	193	17	5
2748	0	5	5	273	1	273	9	276	3	16	193	24	5
2748	0	6	6	273	1	273	9	276	3	16	193	44	5
2748	0	7	7	273	1	273	9	276	3	16	193	33	5
2748	0	8	8	273	1	273	9	276	3	16	193	22	5
2748	0	9	9	273	1	273	9	276	3	16	193	0	5
2748	0	10	10	273	1	273	9	276	3	16	193	13	5
2748	0	11	11	273	1	273	9	276	3	16	193	32	5
2804	0	1	1	281	1	281	9	281	9	16	193	34	5
2804	0	2	2	281	1	281	9	281	9	16	193	43	5
2804	0	3	3	281	1	281	9	281	9	16	193	17	5
2804	0	4	4	281	1	281	9	281	9	16	193	8	5
2804	0	5	5	281	1	281	9	281	9	16	193	20	5
2804	0	6	6	281	1	281	9	281	9	16	193	5	5
2804	0	7	7	281	1	281	9	281	9	16	193	17	5
2804	0	8	8	281	1	281	9	281	9	16	193	32	5
2804	0	9	9	281	1	281	9	281	9	16	193	41	5
2804	0	10	10	281	1	281	9	281	9	16	193	17	5
2804	0	11	11	281	1	281	9	281	9	16	193	39	5
2812	0	1	1	281	1	281	9	282	7	16	193	34	5
2812	0	2	2	281	1	281	9	282	7	16	193	43	5
2812	0	3	3	281	1	281	9	282	7	16	193	17	5
2812	0	4	4	281	1	281	9	282	7	16	193	8	5
2812	0	5	5	281	1	281	9	282	7	16	193	20	5
2812	0	6	6	281	1	281	9	282	7	16	193	5	5
2812	0	7	7	281	1	281	9	282	7	16	193	17	5
2812	0	8	8	281	1	281	9	282	7	16	193	32	5
2812	0	9	9	281	1	281	9	282	7	16	193	41	5
2812	0	10	10	281	1	281	9	282	7	16	193	17	5
2812	0	11	11	281	1	281	9	282	7	16	193	39	5
2820	0	1	1	281	1	281	9	283	5	16	193	34	5
2820	0	2	2	281	1	281	9	283	5	16	193	43	5
2820	0	3	3	281	1	281	9	283	5	16	193	17	5
2820	0	4	4	281	1	281	9	283	5	16	193	8	5
2820	0	5	5	281	1	281	9	283	5	16	193	20	5
2820	0	6	6	281	1	281	9	283	5	16	193	5	5
2820	0	7	7	281	1	281	9	283	5	16	193	17	5
2820	0	8	8	281	1	281	9	283	5	16	193	32	5
2820	0	9	9	281	1	281	9	283	5	16	193	41	5
2820	0	10	10	281	1	281	9	283	5	16	193	17	5
2820	0	11	11	281	1	281	9	283	5	16	193	39	5
2828	0	1	1	281	1	281	9	284	3	16	193	34	5
2828	0	2	2	281	1	281	9	284	3	16	193	43	5
2828	0	3	3	281	1	281	9	284	3	16	193	17	5
2828	0	4	4	281	1	281	9	284	3	16	193	8	5
2828	0	5	5	281	1	281	9	284	3	16	193	20	5
2828	0	6	6	281	1	281	9	284	3	16	193	5	5
2828	0	7	7	281	1	281	9	284	3	16	193	17	5
2828	0	8	8	281	1	281	9	284	3	16	193	32	5
2828	0	9	9	281	1	281	9	284	3	16	193	41	5
2828	0	10	10	281	1	281	9	284	3	16	193	17	5
2828	0	11	11	281	1	281	9	284	3	16	193	39	5
2844	0	1	1	285	1	285	9	285	9	16	193	23	5
2844	0	2	2	285	1	285	9	285	9	16	193	17	5
2844	0	3	3	285	1	285	9	285	9	16	193	6	5
2844	0	4	4	285	1	285	9	285	9	16	193	25	5
2844	0	5	5	285	1	285	9	285	9	16	193	4	5
2844	0	6	6	285	1	285	9	285	9	16	193	21	5
2844	0	7	7	285	1	285	9	285	9	16	193	18	5
2844	0	8	8	285	1	285	9	285	9	16	193	6	5
2844	0	9	9	285	1	285	9	285	9	16	193	1	5
2844	0	10	10	285	1	285	9	285	9	16	193	23	5
2844	0	11	11	285	1	285	9	285	9	16	193	3	5
2852	0	1	1	285	1	285	9	286	7	16	193	23	5
2852	0	2	2	285	1	285	9	286	7	16	193	17	5
2852	0	3	3	285	1	285	9	286	7	16	193	6	5
2852	0	4	4	285	1	285	9	286	7	16	193	25	5
2852	0	5	5	285	1	285	9	286	7	16	193	4	5
2852	0	6	6	285	1	285	9	286	7	16	193	21	5
2852	0	7	7	285	1	285	9	286	7	16	193	18	5
2852	0	8	8	285	1	285	9	286	7	16	193	6	5
2852	0	9	9	285	1	285	9	286	7	16	193	1	5
2852	0	10	10	285	1	285	9	286	7	16	193	23	5
2852	0	11	11	285	1	285	9	286	7	16	193	3	5
2860	0	1	1	285	1	285	9	287	5	16	193	23	5
2860	0	2	2	285	1	285	9	287	5	16	193	17	5
2860	0	3	3	285	1	285	9	287	5	16	193	6	5
2860	0	4	4	285	1	285	9	287	5	16	193	25	5
2860	0	5	5	285	1	285	9	287	5	16	193	4	5
2860	0	6	6	285	1	285	9	287	5	16	193	21	5
2860	0	7	7	285	1	285	9	287	5	16	193	18	5
2860	0	8	8	285	1	285	9	287	5	16	193	6	5
2860	0	9	9	285	1	285	9	287	5	16	193	1	5
2860	0	10	10	285	1	285	9	287	5	16	193	23	5
2860	0	11	11	285	1	285	9	287	5	16	193	3	5
2868	0	1	1	285	1	285	9	288	3	16	193	23	5
2868	0	2	2	285	1	285	9	288	3	16	193	17	5
2868	0	3	3	285	1	285	9	288	3	16	193	6	5
2868	0	4	4	285	1	285	9	288	3	16	193	25	5
2868	0	5	5	285	1	285	9	288	3	16	193	4	5
2868	0	6	6	285	1	285	9	288	3	16	193	21	5
2868	0	7	7	285	1	285	9	288	3	16	193	18	5
2868	0	8	8	285	1	285	9	288	3	16	193	6	5
2868	0	9	9	285	1	285	9	288	3	16	193	1	5
2868	0	10	10	285	1	285	9	288	3	16	193	23	5
2868	0	11	11	285	1	285	9	288	3	16	193	3	5
2924	0	1	1	293	1	293	9	293	9	16	193	11	5
2924	0	2	2	293	1	293	9	293	9	16	193	45	5
2924	0	3	3	293	1	293	9	293	9	16	193	43	5
2924	0	4	4	293	1	293	9	293	9	16	193	3	5
2924	0	5	5	293	1	293	9	293	9	16	193	2	5
2924	0	6	6	293	1	293	9	293	9	16	193	34	5
2924	0	7	7	293	1	293	9	293	9	16	193	13	5
2924	0	8	8	293	1	293	9	293	9	16	193	45	5
2924	0	9	9	293	1	293	9	293	9	16	193	28	5
2924	0	10	10	293	1	293	9	293	9	16	193	45	5
2924	0	11	11	293	1	293	9	293	9	16	193	18	5
2932	0	1	1	293	1	293	9	294	7	16	193	11	5
2932	0	2	2	293	1	293	9	294	7	16	193	45	5
2932	0	3	3	293	1	293	9	294	7	16	193	43	5
2932	0	4	4	293	1	293	9	294	7	16	193	3	5
2932	0	5	5	293	1	293	9	294	7	16	193	2	5
2932	0	6	6	293	1	293	9	294	7	16	193	34	5
2932	0	7	7	293	1	293	9	294	7	16	193	13	5
2932	0	8	8	293	1	293	9	294	7	16	193	45	5
2932	0	9	9	293	1	293	9	294	7	16	193	28	5
2932	0	10	10	293	1	293	9	294	7	16	193	45	5
2932	0	11	11	293	1	293	9	294	7	16	193	18	5
2940	0	1	1	293	1	293	9	295	5	16	193	11	5
2940	0	2	2	293	1	293	9	295	5	16	193	45	5
2940	0	3	3	293	1	293	9	295	5	16	193	43	5
2940	0	4	4	293	1	293	9	295	5	16	193	3	5
2940	0	5	5	293	1	293	9	295	5	16	193	2	5
2940	0	6	6	293	1	293	9	295	5	16	193	34	5
2940	0	7	7	293	1	293	9	295	5	16	193	13	5
2940	0	8	8	293	1	293	9	295	5	16	193	45	5
2940	0	9	9	293	1	293	9	295	5	16	193	28	5
2940	0	10	10	293	1	293	9	295	5	16	193	45	5
2940	0	11	11	293	1	293	9	295	5	16	193	18	5
2948	0	1	1	293	1	293	9	296	3	16	193	11	5
2948	0	2	2	293	1	293	9	296	3	16	193	45	5
2948	0	3	3	293	1	293	9	296	3	16	193	43	5
2948	0	4	4	293	1	293	9	296	3	16	193	3	5
2948	0	5	5	293	1	293	9	296	3	16	193	2	5
2948	0	6	6	293	1	293	9	296	3	16	193	34	5
2948	0	7	7	293	1	293	9	296	3	16	193	13	5
2948	0	8	8	293	1	293	9	296	3	16	193	45	5
2948	0	9	9	293	1	293	9	296	3	16	193	28	5
2948	0	10	10	293	1	293	9	296	3	16	193	45	5
2948	0	11	11	293	1	293	9	296	3	16	193	18	5
3004	0	1	1	301	1	301	9	301	9	16	193	41	5
3004	0	2	2	301	1	301	9	301	9	16	193	41	5
3004	0	3	3	301	1	301	9	301	9	16	193	12	5
3004	0	4	4	301	1	301	9	301	9	16	193	12	5
3004	0	5	5	301	1	301	9	301	9	16	193	37	5
3004	0	6	6	301	1	301	9	301	9	16	193	30	5
3004	0	7	7	301	1	301	9	301	9	16	193	9	5
3004	0	8	8	301	1	301	9	301	9	16	193	13	5
3004	0	9	9	301	1	301	9	301	9	16	193	24	5
3004	0	10	10	301	1	301	9	301	9	16	193	31	5
3004	0	11	11	301	1	301	9	301	9	16	193	21	5
3012	0	1	1	301	1	301	9	302	7	16	193	41	5
3012	0	2	2	301	1	301	9	302	7	16	193	41	5
3012	0	3	3	301	1	301	9	302	7	16	193	12	5
3012	0	4	4	301	1	301	9	302	7	16	193	12	5
3012	0	5	5	301	1	301	9	302	7	16	193	37	5
3012	0	6	6	301	1	301	9	302	7	16	193	30	5
3012	0	7	7	301	1	301	9	302	7	16	193	9	5
3012	0	8	8	301	1	301	9	302	7	16	193	13	5
3012	0	9	9	301	1	301	9	302	7	16	193	24	5
3012	0	10	10	301	1	301	9	302	7	16	193	31	5
3012	0	11	11	301	1	301	9	302	7	16	193	21	5
3020	0	1	1	301	1	301	9	303	5	16	193	41	5
3020	0	2	2	301	1	301	9	303	5	16	193	41	5
3020	0	3	3	301	1	301	9	303	5	16	193	12	5
3020	0	4	4	301	1	301	9	303	5	16	193	12	5
3020	0	5	5	301	1	301	9	303	5	16	193	37	5
3020	0	6	6	301	1	301	9	303	5	16	193	30	5
3020	0	7	7	301	1	301	9	303	5	16	193	9	5
3020	0	8	8	301	1	301	9	303	5	16	193	13	5
3020	0	9	9	301	1	301	9	303	5	16	193	24	5
3020	0	10	10	301	1	301	9	303	5	16	193	31	5
3020	0	11	11	301	1	301	9	303	5	16	193	21	5
3028	0	1	1	301	1	301	9	304	3	16	193	41	5
3028	0	2	2	301	1	301	9	304	3	16	193	41	5
3028	0	3	3	301	1	301	9	304	3	16	193	12	5
3028	0	4	4	301	1	301	9	304	3	16	193	12	5
3028	0	5	5	301	1	301	9	304	3	16	193	37	5
3028	0	6	6	301	1	301	9	304	3	16	193	30	5
3028	0	7	7	301	1	301	9	304	3	16	193	9	5
3028	0	8	8	301	1	301	9	304	3	16	193	13	5
3028	0	9	9	301	1	301	9	304	3	16	193	24	5
3028	0	10	10	301	1	301	9	304	3	16	193	31	5
3028	0	11	11	301	1	301	9	304	3	16	193	21	5
3044	0	1	1	305	1	305	9	305	9	16	193	38	5
3044	0	2	2	305	1	305	9	305	9	16	193	32	5
3044	0	3	3	305	1	305	9	305	9	16	193	30	5
3044	0	4	4	305	1	305	9	305	9	16	193	20	5
3044	0	5	5	305	1	305	9	305	9	16	193	44	5
3044	0	6	6	305	1	305	9	305	9	16	193	23	5
3044	0	7	7	305	1	305	9	305	9	16	193	0	5
3044	0	8	8	305	1	305	9	305	9	16	193	10	5
3044	0	9	9	305	1	305	9	305	9	16	193	19	5
3044	0	10	10	305	1	305	9	305	9	16	193	32	5
3044	0	11	11	305	1	305	9	305	9	16	193	40	5
3052	0	1	1	305	1	305	9	306	7	16	193	38	5
3052	0	2	2	305	1	305	9	306	7	16	193	32	5
3052	0	3	3	305	1	305	9	306	7	16	193	30	5
3052	0	4	4	305	1	305	9	306	7	16	193	20	5
3052	0	5	5	305	1	305	9	306	7	16	193	44	5
3052	0	6	6	305	1	305	9	306	7	16	193	23	5
3052	0	7	7	305	1	305	9	306	7	16	193	0	5
3052	0	8	8	305	1	305	9	306	7	16	193	10	5
3052	0	9	9	305	1	305	9	306	7	16	193	19	5
3052	0	10	10	305	1	305	9	306	7	16	193	32	5
3052	0	11	11	305	1	305	9	306	7	16	193	40	5
3060	0	1	1	305	1	305	9	307	5	16	193	38	5
3060	0	2	2	305	1	305	9	307	5	16	193	32	5
3060	0	3	3	305	1	305	9	307	5	16	193	30	5
3060	0	4	4	305	1	305	9	307	5	16	193	20	5
3060	0	5	5	305	1	305	9	307	5	16	193	44	5
3060	0	6	6	305	1	305	9	307	5	16	193	23	5
3060	0	7	7	305	1	305	9	307	5	16	193	0	5
3060	0	8	8	305	1	305	9	307	5	16	193	10	5
3060	0	9	9	305	1	305	9	307	5	16	193	19	5
3060	0	10	10	305	1	305	9	307	5	16	193	32	5
3060	0	11	11	305	1	305	9	307	5	16	193	40	5
3068	0	1	1	305	1	305	9	308	3	16	193	38	5
3068	0	2	2	305	1	305	9	308	3	16	193	32	5
3068	0	3	3	305	1	305	9	308	3	16	193	30	5
3068	0	4	4	305	1	305	9	308	3	16	193	20	5
3068	0	5	5	305	1	305	9	308	3	16	193	44	5
3068	0	6	6	305	1	305	9	308	3	16	193	23	5
3068	0	7	7	305	1	305	9	308	3	16	193	0	5
3068	0	8	8	305	1	305	9	308	3	16	193	10	5
3068	0	9	9	305	1	305	9	308	3	16	193	19	5
3068	0	10	10	305	1	305	9	308	3	16	193	32	5
3068	0	11	11	305	1	305	9	308	3	16	193	40	5
3124	0	1	1	313	1	313	9	313	9	16	193	15	5
3124	0	2	2	313	1	313	9	313	9	16	193	15	5
3124	0	3	3	313	1	313	9	313	9	16	193	1	5
3124	0	4	4	313	1	313	9	313	9	16	193	1	5
3124	0	5	5	313	1	313	9	313	9	16	193	15	5
3124	0	6	6	313	1	313	9	313	9	16	193	30	5
3124	0	7	7	313	1	313	9	313	9	16	193	14	5
3124	0	8	8	313	1	313	9	313	9	16	193	15	5
3124	0	9	9	313	1	313	9	313	9	16	193	7	5
3124	0	10	10	313	1	313	9	313	9	16	193	30	5
3124	0	11	11	313	1	313	9	313	9	16	193	13	5
3132	0	1	1	313	1	313	9	314	7	16	193	15	5
3132	0	2	2	313	1	313	9	314	7	16	193	15	5
3132	0	3	3	313	1	313	9	314	7	16	193	1	5
3132	0	4	4	313	1	313	9	314	7	16	193	1	5
3132	0	5	5	313	1	313	9	314	7	16	193	15	5
3132	0	6	6	313	1	313	9	314	7	16	193	30	5
3132	0	7	7	313	1	313	9	314	7	16	193	14	5
3132	0	8	8	313	1	313	9	314	7	16	193	15	5
3132	0	9	9	313	1	313	9	314	7	16	193	7	5
3132	0	10	10	313	1	313	9	314	7	16	193	30	5
3132	0	11	11	313	1	313	9	314	7	16	193	13	5
3140	0	1	1	313	1	313	9	315	5	16	193	15	5
3140	0	2	2	313	1	313	9	315	5	16	193	15	5
3140	0	3	3	313	1	313	9	315	5	16	193	1	5
3140	0	4	4	313	1	313	9	315	5	16	193	1	5
3140	0	5	5	313	1	313	9	315	5	16	193	15	5
3140	0	6	6	313	1	313	9	315	5	16	193	30	5
3140	0	7	7	313	1	313	9	315	5	16	193	14	5
3140	0	8	8	313	1	313	9	315	5	16	193	15	5
3140	0	9	9	313	1	313	9	315	5	16	193	7	5
3140	0	10	10	313	1	313	9	315	5	16	193	30	5
3140	0	11	11	313	1	313	9	315	5	16	193	13	5
3148	0	1	1	313	1	313	9	316	3	16	193	15	5
3148	0	2	2	313	1	313	9	316	3	16	193	15	5
3148	0	3	3	313	1	313	9	316	3	16	193	1	5
3148	0	4	4	313	1	313	9	316	3	16	193	1	5
3148	0	5	5	313	1	313	9	316	3	16	193	15	5
3148	0	6	6	313	1	313	9	316	3	16	193	30	5
3148	0	7	7	313	1	313	9	316	3	16	193	14	5
3148	0	8	8	313	1	313	9	316	3	16	193	15	5
3148	0	9	9	313	1	313	9	316	3	16	193	7	5
3148	0	10	10	313	1	313	9	316	3	16	193	30	5
3148	0	11	11	313	1	313	9	316	3	16	193	13	5
3164	0	1	1	317	1	317	9	317	9	16	193	2	5
3164	0	2	2	317	1	317	9	317	9	16	193	41	5
3164	0	3	3	317	1	317	9	317	9	16	193	28	5
3164	0	4	4	317	1	317	9	317	9	16	193	43	5
3164	0	5	5	317	1	317	9	317	9	16	193	32	5
3164	0	6	6	317	1	317	9	317	9	16	193	6	5
3164	0	7	7	317	1	317	9	317	9	16	193	25	5
3164	0	8	8	317	1	317	9	317	9	16	193	20	5
3164	0	9	9	317	1	317	9	317	9	16	193	28	5
3164	0	10	10	317	1	317	9	317	9	16	193	10	5
3164	0	11	11	317	1	317	9	317	9	16	193	4	5
3172	0	1	1	317	1	317	9	318	7	16	193	2	5
3172	0	2	2	317	1	317	9	318	7	16	193	41	5
3172	0	3	3	317	1	317	9	318	7	16	193	28	5
3172	0	4	4	317	1	317	9	318	7	16	193	43	5
3172	0	5	5	317	1	317	9	318	7	16	193	32	5
3172	0	6	6	317	1	317	9	318	7	16	193	6	5
3172	0	7	7	317	1	317	9	318	7	16	193	25	5
3172	0	8	8	317	1	317	9	318	7	16	193	20	5
3172	0	9	9	317	1	317	9	318	7	16	193	28	5
3172	0	10	10	317	1	317	9	318	7	16	193	10	5
3172	0	11	11	317	1	317	9	318	7	16	193	4	5
3180	0	1	1	317	1	317	9	319	5	16	193	2	5
3180	0	2	2	317	1	317	9	319	5	16	193	41	5
3180	0	3	3	317	1	317	9	319	5	16	193	28	5
3180	0	4	4	317	1	317	9	319	5	16	193	43	5
3180	0	5	5	317	1	317	9	319	5	16	193	32	5
3180	0	6	6	317	1	317	9	319	5	16	193	6	5
3180	0	7	7	317	1	317	9	319	5	16	193	25	5
3180	0	8	8	317	1	317	9	319	5	16	193	20	5
3180	0	9	9	317	1	317	9	319	5	16	193	28	5
3180	0	10	10	317	1	317	9	319	5	16	193	10	5
3180	0	11	11	317	1	317	9	319	5	16	193	4	5
3188	0	1	1	317	1	317	9	320	3	16	193	2	5
3188	0	2	2	317	1	317	9	320	3	16	193	41	5
3188	0	3	3	317	1	317	9	320	3	16	193	28	5
3188	0	4	4	317	1	317	9	320	3	16	193	43	5
3188	0	5	5	317	1	317	9	320	3	16	193	32	5
3188	0	6	6	317	1	317	9	320	3	16	193	6	5
3188	0	7	7	317	1	317	9	320	3	16	193	25	5
3188	0	8	8	317	1	317	9	320	3	16	193	20	5
3188	0	9	9	317	1	317	9	320	3	16	193	28	5
3188	0	10	10	317	1	317	9	320	3	16	193	10	5
3188	0	11	11	317	1	317	9	320	3	16	193	4	5
3244	0	1	1	325	1	325	9	325	9	16	193	29	5
3244	0	2	2	325	1	325	9	325	9	16	193	28	5
3244	0	3	3	325	1	325	9	325	9	16	193	31	5
3244	0	4	4	325	1	325	9	325	9	16	193	45	5
3244	0	5	5	325	1	325	9	325	9	16	193	7	5
3244	0	6	6	325	1	325	9	325	9	16	193	35	5
3244	0	7	7	325	1	325	9	325	9	16	193	36	5
3244	0	8	8	325	1	325	9	325	9	16	193	32	5
3244	0	9	9	325	1	325	9	325	9	16	193	6	5
3244	0	10	10	325	1	325	9	325	9	16	193	9	5
3244	0	11	11	325	1	325	9	325	9	16	193	42	5
3252	0	1	1	325	1	325	9	326	7	16	193	29	5
3252	0	2	2	325	1	325	9	326	7	16	193	28	5
3252	0	3	3	325	1	325	9	326	7	16	193	31	5
3252	0	4	4	325	1	325	9	326	7	16	193	45	5
3252	0	5	5	325	1	325	9	326	7	16	193	7	5
3252	0	6	6	325	1	325	9	326	7	16	193	35	5
3252	0	7	7	325	1	325	9	326	7	16	193	36	5
3252	0	8	8	325	1	325	9	326	7	16	193	32	5
3252	0	9	9	325	1	325	9	326	7	16	193	6	5
3252	0	10	10	325	1	325	9	326	7	16	193	9	5
3252	0	11	11	325	1	325	9	326	7	16	193	42	5
3260	0	1	1	325	1	325	9	327	5	16	193	29	5
3260	0	2	2	325	1	325	9	327	5	16	193	28	5
3260	0	3	3	325	1	325	9	327	5	16	193	31	5
3260	0	4	4	325	1	325	9	327	5	16	193	45	5
3260	0	5	5	325	1	325	9	327	5	16	193	7	5
3260	0	6	6	325	1	325	9	327	5	16	193	35	5
3260	0	7	7	325	1	325	9	327	5	16	193	36	5
3260	0	8	8	325	1	325	9	327	5	16	193	32	5
3260	0	9	9	325	1	325	9	327	5	16	193	6	5
3260	0	10	10	325	1	325	9	327	5	16	193	9	5
3260	0	11	11	325	1	325	9	327	5	16	193	42	5
3268	0	1	1	325	1	325	9	328	3	16	193	29	5
3268	0	2	2	325	1	325	9	328	3	16	193	28	5
3268	0	3	3	325	1	325	9	328	3	16	193	31	5
3268	0	4	4	325	1	325	9	328	3	16	193	45	5
3268	0	5	5	325	1	325	9	328	3	16	193	7	5
3268	0	6	6	325	1	325	9	328	3	16	193	35	5
3268	0	7	7	325	1	325	9	328	3	16	193	36	5
3268	0	8	8	325	1	325	9	328	3	16	193	32	5
3268	0	9	9	325	1	325	9	328	3	16	193	6	5
3268	0	10	10	325	1	325	9	328	3	16	193	9	5
3268	0	11	11	325	1	325	9	328	3	16	193	42	5
3324	0	1	1	333	1	333	9	333	9	16	193	44	5
3324	0	2	2	333	1	333	9	333	9	16	193	30	5
3324	0	3	3	333	1	333	9	333	9	16	193	32	5
3324	0	4	4	333	1	333	9	333	9	16	193	0	5
3324	0	5	5	333	1	333	9	333	9	16	193	45	5
3324	0	6	6	333	1	333	9	333	9	16	193	2	5
3324	0	7	7	333	1	333	9	333	9	16	193	32	5
3324	0	8	8	333	1	333	9	333	9	16	193	26	5
3324	0	9	9	333	1	333	9	333	9	16	193	0	5
3324	0	10	10	333	1	333	9	333	9	16	193	11	5
3324	0	11	11	333	1	333	9	333	9	16	193	11	5
3332	0	1	1	333	1	333	9	334	7	16	193	44	5
3332	0	2	2	333	1	333	9	334	7	16	193	30	5
3332	0	3	3	333	1	333	9	334	7	16	193	32	5
3332	0	4	4	333	1	333	9	334	7	16	193	0	5
3332	0	5	5	333	1	333	9	334	7	16	193	45	5
3332	0	6	6	333	1	333	9	334	7	16	193	2	5
3332	0	7	7	333	1	333	9	334	7	16	193	32	5
3332	0	8	8	333	1	333	9	334	7	16	193	26	5
3332	0	9	9	333	1	333	9	334	7	16	193	0	5
3332	0	10	10	333	1	333	9	334	7	16	193	11	5
3332	0	11	11	333	1	333	9	334	7	16	193	11	5
3340	0	1	1	333	1	333	9	335	5	16	193	44	5
3340	0	2	2	333	1	333	9	335	5	16	193	30	5
3340	0	3	3	333	1	333	9	335	5	16	193	32	5
3340	0	4	4	333	1	333	9	335	5	16	193	0	5
3340	0	5	5	333	1	333	9	335	5	16	193	45	5
3340	0	6	6	333	1	333	9	335	5	16	193	2	5
3340	0	7	7	333	1	333	9	335	5	16	193	32	5
3340	0	8	8	333	1	333	9	335	5	16	193	26	5
3340	0	9	9	333	1	333	9	335	5	16	193	0	5
3340	0	10	10	333	1	333	9	335	5	16	193	11	5
3340	0	11	11	333	1	333	9	335	5	16	193	11	5
3348	0	1	1	333	1	333	9	336	3	16	193	44	5
3348	0	2	2	333	1	333	9	336	3	16	193	30	5
3348	0	3	3	333	1	333	9	336	3	16	193	32	5
3348	0	4	4	333	1	333	9	336	3	16	193	0	5
3348	0	5	5	333	1	333	9	336	3	16	193	45	5
3348	0	6	6	333	1	333	9	336	3	16	193	2	5
3348	0	7	7	333	1	333	9	336	3	16	193	32	5
3348	0	8	8	333	1	333	9	336	3	16	193	26	5
3348	0	9	9	333	1	333	9	336	3	16	193	0	5
3348	0	10	10	333	1	333	9	336	3	16	193	11	5
3348	0	11	11	333	1	333	9	336	3	16	193	11	5
3364	0	1	1	337	1	337	9	337	9	16	193	35	5
3364	0	2	2	337	1	337	9	337	9	16	193	21	5
3364	0	3	3	337	1	337	9	337	9	16	193	41	5
3364	0	4	4	337	1	337	9	337	9	16	193	38	5
3364	0	5	5	337	1	337	9	337	9	16	193	24	5
3364	0	6	6	337	1	337	9	337	9	16	193	14	5
3364	0	7	7	337	1	337	9	337	9	16	193	37	5
3364	0	8	8	337	1	337	9	337	9	16	193	20	5
3364	0	9	9	337	1	337	9	337	9	16	193	16	5
3364	0	10	10	337	1	337	9	337	9	16	193	16	5
3364	0	11	11	337	1	337	9	337	9	16	193	39	5
3372	0	1	1	337	1	337	9	338	7	16	193	35	5
3372	0	2	2	337	1	337	9	338	7	16	193	21	5
3372	0	3	3	337	1	337	9	338	7	16	193	41	5
3372	0	4	4	337	1	337	9	338	7	16	193	38	5
3372	0	5	5	337	1	337	9	338	7	16	193	24	5
3372	0	6	6	337	1	337	9	338	7	16	193	14	5
3372	0	7	7	337	1	337	9	338	7	16	193	37	5
3372	0	8	8	337	1	337	9	338	7	16	193	20	5
3372	0	9	9	337	1	337	9	338	7	16	193	16	5
3372	0	10	10	337	1	337	9	338	7	16	193	16	5
3372	0	11	11	337	1	337	9	338	7	16	193	39	5
3380	0	1	1	337	1	337	9	339	5	16	193	35	5
3380	0	2	2	337	1	337	9	339	5	16	193	21	5
3380	0	3	3	337	1	337	9	339	5	16	193	41	5
3380	0	4	4	337	1	337	9	339	5	16	193	38	5
3380	0	5	5	337	1	337	9	339	5	16	193	24	5
3380	0	6	6	337	1	337	9	339	5	16	193	14	5
3380	0	7	7	337	1	337	9	339	5	16	193	37	5
3380	0	8	8	337	1	337	9	339	5	16	193	20	5
3380	0	9	9	337	1	337	9	339	5	16	193	16	5
3380	0	10	10	337	1	337	9	339	5	16	193	16	5
3380	0	11	11	337	1	337	9	339	5	16	193	39	5
3388	0	1	1	337	1	337	9	340	3	16	193	35	5
3388	0	2	2	337	1	337	9	340	3	16	193	21	5
3388	0	3	3	337	1	337	9	340	3	16	193	41	5
3388	0	4	4	337	1	337	9	340	3	16	193	38	5
3388	0	5	5	337	1	337	9	340	3	16	193	24	5
3388	0	6	6	337	1	337	9	340	3	16	193	14	5
3388	0	7	7	337	1	337	9	340	3	16	193	37	5
3388	0	8	8	337	1	337	9	340	3	16	193	20	5
3388	0	9	9	337	1	337	9	340	3	16	193	16	5
3388	0	10	10	337	1	337	9	340	3	16	193	16	5
3388	0	11	11	337	1	337	9	340	3	16	193	39	5
3444	0	1	1	345	1	345	9	345	9	16	193	45	5
3444	0	2	2	345	1	345	9	345	9	16	193	22	5
3444	0	3	3	345	1	345	9	345	9	16	193	2	5
3444	0	4	4	345	1	345	9	345	9	16	193	14	5
3444	0	5	5	345	1	345	9	345	9	16	193	12	5
3444	0	6	6	345	1	345	9	345	9	16	193	31	5
3444	0	7	7	345	1	345	9	345	9	16	193	8	5
3444	0	8	8	345	1	345	9	345	9	16	193	1	5
3444	0	9	9	345	1	345	9	345	9	16	193	4	5
3444	0	10	10	345	1	345	9	345	9	16	193	39	5
3444	0	11	11	345	1	345	9	345	9	16	193	25	5
3452	0	1	1	345	1	345	9	346	7	16	193	45	5
3452	0	2	2	345	1	345	9	346	7	16	193	22	5
3452	0	3	3	345	1	345	9	346	7	16	193	2	5
3452	0	4	4	345	1	345	9	346	7	16	193	14	5
3452	0	5	5	345	1	345	9	346	7	16	193	12	5
3452	0	6	6	345	1	345	9	346	7	16	193	31	5
3452	0	7	7	345	1	345	9	346	7	16	193	8	5
3452	0	8	8	345	1	345	9	346	7	16	193	1	5
3452	0	9	9	345	1	345	9	346	7	16	193	4	5
3452	0	10	10	345	1	345	9	346	7	16	193	39	5
3452	0	11	11	345	1	345	9	346	7	16	193	25	5
3460	0	1	1	345	1	345	9	347	5	16	193	45	5
3460	0	2	2	345	1	345	9	347	5	16	193	22	5
3460	0	3	3	345	1	345	9	347	5	16	193	2	5
3460	0	4	4	345	1	345	9	347	5	16	193	14	5
3460	0	5	5	345	1	345	9	347	5	16	193	12	5
3460	0	6	6	345	1	345	9	347	5	16	193	31	5
3460	0	7	7	345	1	345	9	347	5	16	193	8	5
3460	0	8	8	345	1	345	9	347	5	16	193	1	5
3460	0	9	9	345	1	345	9	347	5	16	193	4	5
3460	0	10	10	345	1	345	9	347	5	16	193	39	5
3460	0	11	11	345	1	345	9	347	5	16	193	25	5
3468	0	1	1	345	1	345	9	348	3	16	193	45	5
3468	0	2	2	345	1	345	9	348	3	16	193	22	5
3468	0	3	3	345	1	345	9	348	3	16	193	2	5
3468	0	4	4	345	1	345	9	348	3	16	193	14	5
3468	0	5	5	345	1	345	9	348	3	16	193	12	5
3468	0	6	6	345	1	345	9	348	3	16	193	31	5
3468	0	7	7	345	1	345	9	348	3	16	193	8	5
3468	0	8	8	345	1	345	9	348	3	16	193	1	5
3468	0	9	9	345	1	345	9	348	3	16	193	4	5
3468	0	10	10	345	1	345	9	348	3	16	193	39	5
3468	0	11	11	345	1	345	9	348	3	16	193	25	5
3484	0	1	1	349	1	349	9	349	9	16	193	3	5
3484	0	2	2	349	1	349	9	349	9	16	193	10	5
3484	0	3	3	349	1	349	9	349	9	16	193	18	5
3484	0	4	4	349	1	349	9	349	9	16	193	14	5
3484	0	5	5	349	1	349	9	349	9	16	193	26	5
3484	0	6	6	349	1	349	9	349	9	16	193	19	5
3484	0	7	7	349	1	349	9	349	9	16	193	19	5
3484	0	8	8	349	1	349	9	349	9	16	193	14	5
3484	0	9	9	349	1	349	9	349	9	16	193	27	5
3484	0	10	10	349	1	349	9	349	9	16	193	38	5
3484	0	11	11	349	1	349	9	349	9	16	193	35	5
3492	0	1	1	349	1	349	9	350	7	16	193	3	5
3492	0	2	2	349	1	349	9	350	7	16	193	10	5
3492	0	3	3	349	1	349	9	350	7	16	193	18	5
3492	0	4	4	349	1	349	9	350	7	16	193	14	5
3492	0	5	5	349	1	349	9	350	7	16	193	26	5
3492	0	6	6	349	1	349	9	350	7	16	193	19	5
3492	0	7	7	349	1	349	9	350	7	16	193	19	5
3492	0	8	8	349	1	349	9	350	7	16	193	14	5
3492	0	9	9	349	1	349	9	350	7	16	193	27	5
3492	0	10	10	349	1	349	9	350	7	16	193	38	5
3492	0	11	11	349	1	349	9	350	7	16	193	35	5
3500	0	1	1	349	1	349	9	351	5	16	193	3	5
3500	0	2	2	349	1	349	9	351	5	16	193	10	5
3500	0	3	3	349	1	349	9	351	5	16	193	18	5
3500	0	4	4	349	1	349	9	351	5	16	193	14	5
3500	0	5	5	349	1	349	9	351	5	16	193	26	5
3500	0	6	6	349	1	349	9	351	5	16	193	19	5
3500	0	7	7	349	1	349	9	351	5	16	193	19	5
3500	0	8	8	349	1	349	9	351	5	16	193	14	5
3500	0	9	9	349	1	349	9	351	5	16	193	27	5
3500	0	10	10	349	1	349	9	351	5	16	193	38	5
3500	0	11	11	349	1	349	9	351	5	16	193	35	5
3508	0	1	1	349	1	349	9	352	3	16	193	3	5
3508	0	2	2	349	1	349	9	352	3	16	193	10	5
3508	0	3	3	349	1	349	9	352	3	16	193	18	5
3508	0	4	4	349	1	349	9	352	3	16	193	14	5
3508	0	5	5	349	1	349	9	352	3	16	193	26	5
3508	0	6	6	349	1	349	9	352	3	16	193	19	5
3508	0	7	7	349	1	349	9	352	3	16	193	19	5
3508	0	8	8	349	1	349	9	352	3	16	193	14	5
3508	0	9	9	349	1	349	9	352	3	16	193	27	5
3508	0	10	10	349	1	349	9	352	3	16	193	38	5
3508	0	11	11	349	1	349	9	352	3	16	193	35	5
3564	0	1	1	357	1	357	9	357	9	16	193	35	5
3564	0	2	2	357	1	357	9	357	9	16	193	36	5
3564	0	3	3	357	1	357	9	357	9	16	193	14	5
3564	0	4	4	357	1	357	9	357	9	16	193	1	5
3564	0	5	5	357	1	357	9	357	9	16	193	40	5
3564	0	6	6	357	1	357	9	357	9	16	193	40	5
3564	0	7	7	357	1	357	9	357	9	16	193	36	5
3564	0	8	8	357	1	357	9	357	9	16	193	1	5
3564	0	9	9	357	1	357	9	357	9	16	193	12	5
3564	0	10	10	357	1	357	9	357	9	16	193	9	5
3564	0	11	11	357	1	357	9	357	9	16	193	39	5
3572	0	1	1	357	1	357	9	358	7	16	193	35	5
3572	0	2	2	357	1	357	9	358	7	16	193	36	5
3572	0	3	3	357	1	357	9	358	7	16	193	14	5
3572	0	4	4	357	1	357	9	358	7	16	193	1	5
3572	0	5	5	357	1	357	9	358	7	16	193	40	5
3572	0	6	6	357	1	357	9	358	7	16	193	40	5
3572	0	7	7	357	1	357	9	358	7	16	193	36	5
3572	0	8	8	357	1	357	9	358	7	16	193	1	5
3572	0	9	9	357	1	357	9	358	7	16	193	12	5
3572	0	10	10	357	1	357	9	358	7	16	193	9	5
3572	0	11	11	357	1	357	9	358	7	16	193	39	5
3580	0	1	1	357	1	357	9	359	5	16	193	35	5
3580	0	2	2	357	1	357	9	359	5	16	193	36	5
3580	0	3	3	357	1	357	9	359	5	16	193	14	5
3580	0	4	4	357	1	357	9	359	5	16	193	1	5
3580	0	5	5	357	1	357	9	359	5	16	193	40	5
3580	0	6	6	357	1	357	9	359	5	16	193	40	5
3580	0	7	7	357	1	357	9	359	5	16	193	36	5
3580	0	8	8	357	1	357	9	359	5	16	193	1	5
3580	0	9	9	357	1	357	9	359	5	16	193	12	5
3580	0	10	10	357	1	357	9	359	5	16	193	9	5
3580	0	11	11	357	1	357	9	359	5	16	193	39	5
3588	0	1	1	357	1	357	9	360	3	16	193	35	5
3588	0	2	2	357	1	357	9	360	3	16	193	36	5
3588	0	3	3	357	1	357	9	360	3	16	193	14	5
3588	0	4	4	357	1	357	9	360	3	16	193	1	5
3588	0	5	5	357	1	357	9	360	3	16	193	40	5
3588	0	6	6	357	1	357	9	360	3	16	193	40	5
3588	0	7	7	357	1	357	9	360	3	16	193	36	5
3588	0	8	8	357	1	357	9	360	3	16	193	1	5
3588	0	9	9	357	1	357	9	360	3	16	193	12	5
3588	0	10	10	357	1	357	9	360	3	16	193	9	5
3588	0	11	11	357	1	357	9	360	3	16	193	39	5
3644	0	1	1	365	1	365	9	365	9	16	193	34	5
3644	0	2	2	365	1	365	9	365	9	16	193	19	5
3644	0	3	3	365	1	365	9	365	9	16	193	4	5
3644	0	4	4	365	1	365	9	365	9	16	193	1	5
3644	0	5	5	365	1	365	9	365	9	16	193	12	5
3644	0	6	6	365	1	365	9	365	9	16	193	40	5
3644	0	7	7	365	1	365	9	365	9	16	193	1	5
3644	0	8	8	365	1	365	9	365	9	16	193	0	5
3644	0	9	9	365	1	365	9	365	9	16	193	8	5
3644	0	10	10	365	1	365	9	365	9	16	193	27	5
3644	0	11	11	365	1	365	9	365	9	16	193	38	5
3652	0	1	1	365	1	365	9	366	7	16	193	34	5
3652	0	2	2	365	1	365	9	366	7	16	193	19	5
3652	0	3	3	365	1	365	9	366	7	16	193	4	5
3652	0	4	4	365	1	365	9	366	7	16	193	1	5
3652	0	5	5	365	1	365	9	366	7	16	193	12	5
3652	0	6	6	365	1	365	9	366	7	16	193	40	5
3652	0	7	7	365	1	365	9	366	7	16	193	1	5
3652	0	8	8	365	1	365	9	366	7	16	193	0	5
3652	0	9	9	365	1	365	9	366	7	16	193	8	5
3652	0	10	10	365	1	365	9	366	7	16	193	27	5
3652	0	11	11	365	1	365	9	366	7	16	193	38	5
3660	0	1	1	365	1	365	9	367	5	16	193	34	5
3660	0	2	2	365	1	365	9	367	5	16	193	19	5
3660	0	3	3	365	1	365	9	367	5	16	193	4	5
3660	0	4	4	365	1	365	9	367	5	16	193	1	5
3660	0	5	5	365	1	365	9	367	5	16	193	12	5
3660	0	6	6	365	1	365	9	367	5	16	193	40	5
3660	0	7	7	365	1	365	9	367	5	16	193	1	5
3660	0	8	8	365	1	365	9	367	5	16	193	0	5
3660	0	9	9	365	1	365	9	367	5	16	193	8	5
3660	0	10	10	365	1	365	9	367	5	16	193	27	5
3660	0	11	11	365	1	365	9	367	5	16	193	38	5
3668	0	1	1	365	1	365	9	368	3	16	193	34	5
3668	0	2	2	365	1	365	9	368	3	16	193	19	5
3668	0	3	3	365	1	365	9	368	3	16	193	4	5
3668	0	4	4	365	1	365	9	368	3	16	193	1	5
3668	0	5	5	365	1	365	9	368	3	16	193	12	5
3668	0	6	6	365	1	365	9	368	3	16	193	40	5
3668	0	7	7	365	1	365	9	368	3	16	193	1	5
3668	0	8	8	365	1	365	9	368	3	16	193	0	5
3668	0	9	9	365	1	365	9	368	3	16	193	8	5
3668	0	10	10	365	1	365	9	368	3	16	193	27	5
3668	0	11	11	365	1	365	9	368	3	16	193	38	5
3684	0	1	1	369	1	369	9	369	9	16	193	16	5
3684	0	2	2	369	1	369	9	369	9	16	193	33	5
3684	0	3	3	369	1	369	9	369	9	16	193	24	5
3684	0	4	4	369	1	369	9	369	9	16	193	11	5
3684	0	5	5	369	1	369	9	369	9	16	193	40	5
3684	0	6	6	369	1	369	9	369	9	16	193	35	5
3684	0	7	7	369	1	369	9	369	9	16	193	28	5
3684	0	8	8	369	1	369	9	369	9	16	193	11	5
3684	0	9	9	369	1	369	9	369	9	16	193	2	5
3684	0	10	10	369	1	369	9	369	9	16	193	38	5
3684	0	11	11	369	1	369	9	369	9	16	193	16	5
3692	0	1	1	369	1	369	9	370	7	16	193	16	5
3692	0	2	2	369	1	369	9	370	7	16	193	33	5
3692	0	3	3	369	1	369	9	370	7	16	193	24	5
3692	0	4	4	369	1	369	9	370	7	16	193	11	5
3692	0	5	5	369	1	369	9	370	7	16	193	40	5
3692	0	6	6	369	1	369	9	370	7	16	193	35	5
3692	0	7	7	369	1	369	9	370	7	16	193	28	5
3692	0	8	8	369	1	369	9	370	7	16	193	11	5
3692	0	9	9	369	1	369	9	370	7	16	193	2	5
3692	0	10	10	369	1	369	9	370	7	16	193	38	5
3692	0	11	11	369	1	369	9	370	7	16	193	16	5
3700	0	1	1	369	1	369	9	371	5	16	193	16	5
3700	0	2	2	369	1	369	9	371	5	16	193	33	5
3700	0	3	3	369	1	369	9	371	5	16	193	24	5
3700	0	4	4	369	1	369	9	371	5	16	193	11	5
3700	0	5	5	369	1	369	9	371	5	16	193	40	5
3700	0	6	6	369	1	369	9	371	5	16	193	35	5
3700	0	7	7	369	1	369	9	371	5	16	193	28	5
3700	0	8	8	369	1	369	9	371	5	16	193	11	5
3700	0	9	9	369	1	369	9	371	5	16	193	2	5
3700	0	10	10	369	1	369	9	371	5	16	193	38	5
3700	0	11	11	369	1	369	9	371	5	16	193	16	5
3708	0	1	1	369	1	369	9	372	3	16	193	16	5
3708	0	2	2	369	1	369	9	372	3	16	193	33	5
3708	0	3	3	369	1	369	9	372	3	16	193	24	5
3708	0	4	4	369	1	369	9	372	3	16	193	11	5
3708	0	5	5	369	1	369	9	372	3	16	193	40	5
3708	0	6	6	369	1	369	9	372	3	16	193	35	5
3708	0	7	7	369	1	369	9	372	3	16	193	28	5
3708	0	8	8	369	1	369	9	372	3	16	193	11	5
3708	0	9	9	369	1	369	9	372	3	16	193	2	5
3708	0	10	10	369	1	369	9	372	3	16	193	38	5
3708	0	11	11	369	1	369	9	372	3	16	193	16	5
3764	0	1	1	377	1	377	9	377	9	16	193	14	5
3764	0	2	2	377	1	377	9	377	9	16	193	5	5
3764	0	3	3	377	1	377	9	377	9	16	193	21	5
3764	0	4	4	377	1	377	9	377	9	16	193	33	5
3764	0	5	5	377	1	377	9	377	9	16	193	27	5
3764	0	6	6	377	1	377	9	377	9	16	193	30	5
3764	0	7	7	377	1	377	9	377	9	16	193	12	5
3764	0	8	8	377	1	377	9	377	9	16	193	43	5
3764	0	9	9	377	1	377	9	377	9	16	193	12	5
3764	0	10	10	377	1	377	9	377	9	16	193	33	5
3764	0	11	11	377	1	377	9	377	9	16	193	4	5
3772	0	1	1	377	1	377	9	378	7	16	193	14	5
3772	0	2	2	377	1	377	9	378	7	16	193	5	5
3772	0	3	3	377	1	377	9	378	7	16	193	21	5
3772	0	4	4	377	1	377	9	378	7	16	193	33	5
3772	0	5	5	377	1	377	9	378	7	16	193	27	5
3772	0	6	6	377	1	377	9	378	7	16	193	30	5
3772	0	7	7	377	1	377	9	378	7	16	193	12	5
3772	0	8	8	377	1	377	9	378	7	16	193	43	5
3772	0	9	9	377	1	377	9	378	7	16	193	12	5
3772	0	10	10	377	1	377	9	378	7	16	193	33	5
3772	0	11	11	377	1	377	9	378	7	16	193	4	5
3780	0	1	1	377	1	377	9	379	5	16	193	14	5
3780	0	2	2	377	1	377	9	379	5	16	193	5	5
3780	0	3	3	377	1	377	9	379	5	16	193	21	5
3780	0	4	4	377	1	377	9	379	5	16	193	33	5
3780	0	5	5	377	1	377	9	379	5	16	193	27	5
3780	0	6	6	377	1	377	9	379	5	16	193	30	5
3780	0	7	7	377	1	377	9	379	5	16	193	12	5
3780	0	8	8	377	1	377	9	379	5	16	193	43	5
3780	0	9	9	377	1	377	9	379	5	16	193	12	5
3780	0	10	10	377	1	377	9	379	5	16	193	33	5
3780	0	11	11	377	1	377	9	379	5	16	193	4	5
3788	0	1	1	377	1	377	9	380	3	16	193	14	5
3788	0	2	2	377	1	377	9	380	3	16	193	5	5
3788	0	3	3	377	1	377	9	380	3	16	193	21	5
3788	0	4	4	377	1	377	9	380	3	16	193	33	5
3788	0	5	5	377	1	377	9	380	3	16	193	27	5
3788	0	6	6	377	1	377	9	380	3	16	193	30	5
3788	0	7	7	377	1	377	9	380	3	16	193	12	5
3788	0	8	8	377	1	377	9	380	3	16	193	43	5
3788	0	9	9	377	1	377	9	380	3	16	193	12	5
3788	0	10	10	377	1	377	9	380	3	16	193	33	5
3788	0	11	11	377	1	377	9	380	3	16	193	4	5
3804	0	1	1	381	1	381	9	381	9	16	193	23	5
3804	0	2	2	381	1	381	9	381	9	16	193	29	5
3804	0	3	3	381	1	381	9	381	9	16	193	43	5
3804	0	4	4	381	1	381	9	381	9	16	193	33	5
3804	0	5	5	381	1	381	9	381	9	16	193	16	5
3804	0	6	6	381	1	381	9	381	9	16	193	29	5
3804	0	7	7	381	1	381	9	381	9	16	193	32	5
3804	0	8	8	381	1	381	9	381	9	16	193	35	5
3804	0	9	9	381	1	381	9	381	9	16	193	19	5
3804	0	10	10	381	1	381	9	381	9	16	193	30	5
3804	0	11	11	381	1	381	9	381	9	16	193	20	5
3812	0	1	1	381	1	381	9	382	7	16	193	23	5
3812	0	2	2	381	1	381	9	382	7	16	193	29	5
3812	0	3	3	381	1	381	9	382	7	16	193	43	5
3812	0	4	4	381	1	381	9	382	7	16	193	33	5
3812	0	5	5	381	1	381	9	382	7	16	193	16	5
3812	0	6	6	381	1	381	9	382	7	16	193	29	5
3812	0	7	7	381	1	381	9	382	7	16	193	32	5
3812	0	8	8	381	1	381	9	382	7	16	193	35	5
3812	0	9	9	381	1	381	9	382	7	16	193	19	5
3812	0	10	10	381	1	381	9	382	7	16	193	30	5
3812	0	11	11	381	1	381	9	382	7	16	193	20	5
3820	0	1	1	381	1	381	9	383	5	16	193	23	5
3820	0	2	2	381	1	381	9	383	5	16	193	29	5
3820	0	3	3	381	1	381	9	383	5	16	193	43	5
3820	0	4	4	381	1	381	9	383	5	16	193	33	5
3820	0	5	5	381	1	381	9	383	5	16	193	16	5
3820	0	6	6	381	1	381	9	383	5	16	193	29	5
3820	0	7	7	381	1	381	9	383	5	16	193	32	5
3820	0	8	8	381	1	381	9	383	5	16	193	35	5
3820	0	9	9	381	1	381	9	383	5	16	193	19	5
3820	0	10	10	381	1	381	9	383	5	16	193	30	5
3820	0	11	11	381	1	381	9	383	5	16	193	20	5
3828	0	1	1	381	1	381	9	384	3	16	193	23	5
3828	0	2	2	381	1	381	9	384	3	16	193	29	5
3828	0	3	3	381	1	381	9	384	3	16	193	43	5
3828	0	4	4	381	1	381	9	384	3	16	193	33	5
3828	0	5	5	381	1	381	9	384	3	16	193	16	5
3828	0	6	6	381	1	381	9	384	3	16	193	29	5
3828	0	7	7	381	1	381	9	384	3	16	193	32	5
3828	0	8	8	381	1	381	9	384	3	16	193	35	5
3828	0	9	9	381	1	381	9	384	3	16	193	19	5
3828	0	10	10	381	1	381	9	384	3	16	193	30	5
3828	0	11	11	381	1	381	9	384	3	16	193	20	5
3884	0	1	1	389	1	389	9	389	9	16	193	4	5
3884	0	2	2	389	1	389	9	389	9	16	193	8	5
3884	0	3	3	389	1	389	9	389	9	16	193	17	5
3884	0	4	4	389	1	389	9	389	9	16	193	28	5
3884	0	5	5	389	1	389	9	389	9	16	193	21	5
3884	0	6	6	389	1	389	9	389	9	16	193	41	5
3884	0	7	7	389	1	389	9	389	9	16	193	9	5
3884	0	8	8	389	1	389	9	389	9	16	193	19	5
3884	0	9	9	389	1	389	9	389	9	16	193	32	5
3884	0	10	10	389	1	389	9	389	9	16	193	10	5
3884	0	11	11	389	1	389	9	389	9	16	193	31	5
3892	0	1	1	389	1	389	9	390	7	16	193	4	5
3892	0	2	2	389	1	389	9	390	7	16	193	8	5
3892	0	3	3	389	1	389	9	390	7	16	193	17	5
3892	0	4	4	389	1	389	9	390	7	16	193	28	5
3892	0	5	5	389	1	389	9	390	7	16	193	21	5
3892	0	6	6	389	1	389	9	390	7	16	193	41	5
3892	0	7	7	389	1	389	9	390	7	16	193	9	5
3892	0	8	8	389	1	389	9	390	7	16	193	19	5
3892	0	9	9	389	1	389	9	390	7	16	193	32	5
3892	0	10	10	389	1	389	9	390	7	16	193	10	5
3892	0	11	11	389	1	389	9	390	7	16	193	31	5
3900	0	1	1	389	1	389	9	391	5	16	193	4	5
3900	0	2	2	389	1	389	9	391	5	16	193	8	5
3900	0	3	3	389	1	389	9	391	5	16	193	17	5
3900	0	4	4	389	1	389	9	391	5	16	193	28	5
3900	0	5	5	389	1	389	9	391	5	16	193	21	5
3900	0	6	6	389	1	389	9	391	5	16	193	41	5
3900	0	7	7	389	1	389	9	391	5	16	193	9	5
3900	0	8	8	389	1	389	9	391	5	16	193	19	5
3900	0	9	9	389	1	389	9	391	5	16	193	32	5
3900	0	10	10	389	1	389	9	391	5	16	193	10	5
3900	0	11	11	389	1	389	9	391	5	16	193	31	5
3908	0	1	1	389	1	389	9	392	3	16	193	4	5
3908	0	2	2	389	1	389	9	392	3	16	193	8	5
3908	0	3	3	389	1	389	9	392	3	16	193	17	5
3908	0	4	4	389	1	389	9	392	3	16	193	28	5
3908	0	5	5	389	1	389	9	392	3	16	193	21	5
3908	0	6	6	389	1	389	9	392	3	16	193	41	5
3908	0	7	7	389	1	389	9	392	3	16	193	9	5
3908	0	8	8	389	1	389	9	392	3	16	193	19	5
3908	0	9	9	389	1	389	9	392	3	16	193	32	5
3908	0	10	10	389	1	389	9	392	3	16	193	10	5
3908	0	11	11	389	1	389	9	392	3	16	193	31	5
3964	0	1	1	397	1	397	9	397	9	16	193	5	5
3964	0	2	2	397	1	397	9	397	9	16	193	45	5
3964	0	3	3	397	1	397	9	397	9	16	193	7	5
3964	0	4	4	397	1	397	9	397	9	16	193	9	5
3964	0	5	5	397	1	397	9	397	9	16	193	37	5
3964	0	6	6	397	1	397	9	397	9	16	193	30	5
3964	0	7	7	397	1	397	9	397	9	16	193	40	5
3964	0	8	8	397	1	397	9	397	9	16	193	31	5
3964	0	9	9	397	1	397	9	397	9	16	193	9	5
3964	0	10	10	397	1	397	9	397	9	16	193	29	5
3964	0	11	11	397	1	397	9	397	9	16	193	11	5
3972	0	1	1	397	1	397	9	398	7	16	193	5	5
3972	0	2	2	397	1	397	9	398	7	16	193	45	5
3972	0	3	3	397	1	397	9	398	7	16	193	7	5
3972	0	4	4	397	1	397	9	398	7	16	193	9	5
3972	0	5	5	397	1	397	9	398	7	16	193	37	5
3972	0	6	6	397	1	397	9	398	7	16	193	30	5
3972	0	7	7	397	1	397	9	398	7	16	193	40	5
3972	0	8	8	397	1	397	9	398	7	16	193	31	5
3972	0	9	9	397	1	397	9	398	7	16	193	9	5
3972	0	10	10	397	1	397	9	398	7	16	193	29	5
3972	0	11	11	397	1	397	9	398	7	16	193	11	5
3980	0	1	1	397	1	397	9	399	5	16	193	5	5
3980	0	2	2	397	1	397	9	399	5	16	193	45	5
3980	0	3	3	397	1	397	9	399	5	16	193	7	5
3980	0	4	4	397	1	397	9	399	5	16	193	9	5
3980	0	5	5	397	1	397	9	399	5	16	193	37	5
3980	0	6	6	397	1	397	9	399	5	16	193	30	5
3980	0	7	7	397	1	397	9	399	5	16	193	40	5
3980	0	8	8	397	1	397	9	399	5	16	193	31	5
3980	0	9	9	397	1	397	9	399	5	16	193	9	5
3980	0	10	10	397	1	397	9	399	5	16	193	29	5
3980	0	11	11	397	1	397	9	399	5	16	193	11	5
3988	0	1	1	397	1	397	9	400	3	16	193	5	5
3988	0	2	2	397	1	397	9	400	3	16	193	45	5
3988	0	3	3	397	1	397	9	400	3	16	193	7	5
3988	0	4	4	397	1	397	9	400	3	16	193	9	5
3988	0	5	5	397	1	397	9	400	3	16	193	37	5
3988	0	6	6	397	1	397	9	400	3	16	193	30	5
3988	0	7	7	397	1	397	9	400	3	16	193	40	5
3988	0	8	8	397	1	397	9	400	3	16	193	31	5
3988	0	9	9	397	1	397	9	400	3	16	193	9	5
3988	0	10	10	397	1	397	9	400	3	16	193	29	5
3988	0	11	11	397	1	397	9	400	3	16	193	11	5
4004	0	1	1	401	1	401	9	401	9	16	193	41	5
4004	0	2	2	401	1	401	9	401	9	16	193	4	5
4004	0	3	3	401	1	401	9	401	9	16	193	33	5
4004	0	4	4	401	1	401	9	401	9	16	193	15	5
4004	0	5	5	401	1	401	9	401	9	16	193	20	5
4004	0	6	6	401	1	401	9	401	9	16	193	27	5
4004	0	7	7	401	1	401	9	401	9	16	193	32	5
4004	0	8	8	401	1	401	9	401	9	16	193	25	5
4004	0	9	9	401	1	401	9	401	9	16	193	34	5
4004	0	10	10	401	1	401	9	401	9	16	193	5	5
4004	0	11	11	401	1	401	9	401	9	16	193	16	5
4012	0	1	1	401	1	401	9	402	7	16	193	41	5
4012	0	2	2	401	1	401	9	402	7	16	193	4	5
4012	0	3	3	401	1	401	9	402	7	16	193	33	5
4012	0	4	4	401	1	401	9	402	7	16	193	15	5
4012	0	5	5	401	1	401	9	402	7	16	193	20	5
4012	0	6	6	401	1	401	9	402	7	16	193	27	5
4012	0	7	7	401	1	401	9	402	7	16	193	32	5
4012	0	8	8	401	1	401	9	402	7	16	193	25	5
4012	0	9	9	401	1	401	9	402	7	16	193	34	5
4012	0	10	10	401	1	401	9	402	7	16	193	5	5
4012	0	11	11	401	1	401	9	402	7	16	193	16	5
4020	0	1	1	401	1	401	9	403	5	16	193	41	5
4020	0	2	2	401	1	401	9	403	5	16	193	4	5
4020	0	3	3	401	1	401	9	403	5	16	193	33	5
4020	0	4	4	401	1	401	9	403	5	16	193	15	5
4020	0	5	5	401	1	401	9	403	5	16	193	20	5
4020	0	6	6	401	1	401	9	403	5	16	193	27	5
4020	0	7	7	401	1	401	9	403	5	16	193	32	5
4020	0	8	8	401	1	401	9	403	5	16	193	25	5
4020	0	9	9	401	1	401	9	403	5	16	193	34	5
4020	0	10	10	401	1	401	9	403	5	16	193	5	5
4020	0	11	11	401	1	401	9	403	5	16	193	16	5
4028	0	1	1	401	1	401	9	404	3	16	193	41	5
4028	0	2	2	401	1	401	9	404	3	16	193	4	5
4028	0	3	3	401	1	401	9	404	3	16	193	33	5
4028	0	4	4	401	1	401	9	404	3	16	193	15	5
4028	0	5	5	401	1	401	9	404	3	16	193	20	5
4028	0	6	6	401	1	401	9	404	3	16	193	27	5
4028	0	7	7	401	1	401	9	404	3	16	193	32	5
4028	0	8	8	401	1	401	9	404	3	16	193	25	5
4028	0	9	9	401	1	401	9	404	3	16	193	34	5
4028	0	10	10	401	1	401	9	404	3	16	193	5	5
4028	0	11	11	401	1	401	9	404	3	16	193	16	5
4084	0	1	1	409	1	409	9	409	9	16	193	14	5
4084	0	2	2	409	1	409	9	409	9	16	193	27	5
4084	0	3	3	409	1	409	9	409	9	16	193	42	5
4084	0	4	4	409	1	409	9	409	9	16	193	31	5
4084	0	5	5	409	1	409	9	409	9	16	193	15	5
4084	0	6	6	409	1	409	9	409	9	16	193	6	5
4084	0	7	7	409	1	409	9	409	9	16	193	7	5
4084	0	8	8	409	1	409	9	409	9	16	193	27	5
4084	0	9	9	409	1	409	9	409	9	16	193	12	5
4084	0	10	10	409	1	409	9	409	9	16	193	37	5
4084	0	11	11	409	1	409	9	409	9	16	193	33	5
4092	0	1	1	409	1	409	9	410	7	16	193	14	5
4092	0	2	2	409	1	409	9	410	7	16	193	27	5
4092	0	3	3	409	1	409	9	410	7	16	193	42	5
4092	0	4	4	409	1	409	9	410	7	16	193	31	5
4092	0	5	5	409	1	409	9	410	7	16	193	15	5
4092	0	6	6	409	1	409	9	410	7	16	193	6	5
4092	0	7	7	409	1	409	9	410	7	16	193	7	5
4092	0	8	8	409	1	409	9	410	7	16	193	27	5
4092	0	9	9	409	1	409	9	410	7	16	193	12	5
4092	0	10	10	409	1	409	9	410	7	16	193	37	5
4092	0	11	11	409	1	409	9	410	7	16	193	33	5
4100	0	1	1	409	1	409	9	411	5	16	193	14	5
4100	0	2	2	409	1	409	9	411	5	16	193	27	5
4100	0	3	3	409	1	409	9	411	5	16	193	42	5
4100	0	4	4	409	1	409	9	411	5	16	193	31	5
4100	0	5	5	409	1	409	9	411	5	16	193	15	5
4100	0	6	6	409	1	409	9	411	5	16	193	6	5
4100	0	7	7	409	1	409	9	411	5	16	193	7	5
4100	0	8	8	409	1	409	9	411	5	16	193	27	5
4100	0	9	9	409	1	409	9	411	5	16	193	12	5
4100	0	10	10	409	1	409	9	411	5	16	193	37	5
4100	0	11	11	409	1	409	9	411	5	16	193	33	5
4108	0	1	1	409	1	409	9	412	3	16	193	14	5
4108	0	2	2	409	1	409	9	412	3	16	193	27	5
4108	0	3	3	409	1	409	9	412	3	16	193	42	5
4108	0	4	4	409	1	409	9	412	3	16	193	31	5
4108	0	5	5	409	1	409	9	412	3	16	193	15	5
4108	0	6	6	409	1	409	9	412	3	16	193	6	5
4108	0	7	7	409	1	409	9	412	3	16	193	7	5
4108	0	8	8	409	1	409	9	412	3	16	193	27	5
4108	0	9	9	409	1	409	9	412	3	16	193	12	5
4108	0	10	10	409	1	409	9	412	3	16	193	37	5
4108	0	11	11	409	1	409	9	412	3	16	193	33	5
4124	0	1	1	413	1	413	9	413	9	16	193	15	5
4124	0	2	2	413	1	413	9	413	9	16	193	39	5
4124	0	3	3	413	1	413	9	413	9	16	193	9	5
4124	0	4	4	413	1	413	9	413	9	16	193	40	5
4124	0	5	5	413	1	413	9	413	9	16	193	14	5
4124	0	6	6	413	1	413	9	413	9	16	193	24	5
4124	0	7	7	413	1	413	9	413	9	16	193	14	5
4124	0	8	8	413	1	413	9	413	9	16	193	42	5
4124	0	9	9	413	1	413	9	413	9	16	193	14	5
4124	0	10	10	413	1	413	9	413	9	16	193	30	5
4124	0	11	11	413	1	413	9	413	9	16	193	38	5
4132	0	1	1	413	1	413	9	414	7	16	193	15	5
4132	0	2	2	413	1	413	9	414	7	16	193	39	5
4132	0	3	3	413	1	413	9	414	7	16	193	9	5
4132	0	4	4	413	1	413	9	414	7	16	193	40	5
4132	0	5	5	413	1	413	9	414	7	16	193	14	5
4132	0	6	6	413	1	413	9	414	7	16	193	24	5
4132	0	7	7	413	1	413	9	414	7	16	193	14	5
4132	0	8	8	413	1	413	9	414	7	16	193	42	5
4132	0	9	9	413	1	413	9	414	7	16	193	14	5
4132	0	10	10	413	1	413	9	414	7	16	193	30	5
4132	0	11	11	413	1	413	9	414	7	16	193	38	5
4140	0	1	1	413	1	413	9	415	5	16	193	15	5
4140	0	2	2	413	1	413	9	415	5	16	193	39	5
4140	0	3	3	413	1	413	9	415	5	16	193	9	5
4140	0	4	4	413	1	413	9	415	5	16	193	40	5
4140	0	5	5	413	1	413	9	415	5	16	193	14	5
4140	0	6	6	413	1	413	9	415	5	16	193	24	5
4140	0	7	7	413	1	413	9	415	5	16	193	14	5
4140	0	8	8	413	1	413	9	415	5	16	193	42	5
4140	0	9	9	413	1	413	9	415	5	16	193	14	5
4140	0	10	10	413	1	413	9	415	5	16	193	30	5
4140	0	11	11	413	1	413	9	415	5	16	193	38	5
4148	0	1	1	413	1	413	9	416	3	16	193	15	5
4148	0	2	2	413	1	413	9	416	3	16	193	39	5
4148	0	3	3	413	1	413	9	416	3	16	193	9	5
4148	0	4	4	413	1	413	9	416	3	16	193	40	5
4148	0	5	5	413	1	413	9	416	3	16	193	14	5
4148	0	6	6	413	1	413	9	416	3	16	193	24	5
4148	0	7	7	413	1	413	9	416	3	16	193	14	5
4148	0	8	8	413	1	413	9	416	3	16	193	42	5
4148	0	9	9	413	1	413	9	416	3	16	193	14	5
4148	0	10	10	413	1	413	9	416	3	16	193	30	5
4148	0	11	11	413	1	413	9	416	3	16	193	38	5
4204	0	1	1	421	1	421	9	421	9	16	193	10	5
4204	0	2	2	421	1	421	9	421	9	16	193	18	5
4204	0	3	3	421	1	421	9	421	9	16	193	40	5
4204	0	4	4	421	1	421	9	421	9	16	193	12	5
4204	0	5	5	421	1	421	9	421	9	16	193	38	5
4204	0	6	6	421	1	421	9	421	9	16	193	14	5
4204	0	7	7	421	1	421	9	421	9	16	193	3	5
4204	0	8	8	421	1	421	9	421	9	16	193	43	5
4204	0	9	9	421	1	421	9	421	9	16	193	7	5
4204	0	10	10	421	1	421	9	421	9	16	193	5	5
4204	0	11	11	421	1	421	9	421	9	16	193	6	5
4212	0	1	1	421	1	421	9	422	7	16	193	10	5
4212	0	2	2	421	1	421	9	422	7	16	193	18	5
4212	0	3	3	421	1	421	9	422	7	16	193	40	5
4212	0	4	4	421	1	421	9	422	7	16	193	12	5
4212	0	5	5	421	1	421	9	422	7	16	193	38	5
4212	0	6	6	421	1	421	9	422	7	16	193	14	5
4212	0	7	7	421	1	421	9	422	7	16	193	3	5
4212	0	8	8	421	1	421	9	422	7	16	193	43	5
4212	0	9	9	421	1	421	9	422	7	16	193	7	5
4212	0	10	10	421	1	421	9	422	7	16	193	5	5
4212	0	11	11	421	1	421	9	422	7	16	193	6	5
4220	0	1	1	421	1	421	9	423	5	16	193	10	5
4220	0	2	2	421	1	421	9	423	5	16	193	18	5
4220	0	3	3	421	1	421	9	423	5	16	193	40	5
4220	0	4	4	421	1	421	9	423	5	16	193	12	5
4220	0	5	5	421	1	421	9	423	5	16	193	38	5
4220	0	6	6	421	1	421	9	423	5	16	193	14	5
4220	0	7	7	421	1	421	9	423	5	16	193	3	5
4220	0	8	8	421	1	421	9	423	5	16	193	43	5
4220	0	9	9	421	1	421	9	423	5	16	193	7	5
4220	0	10	10	421	1	421	9	423	5	16	193	5	5
4220	0	11	11	421	1	421	9	423	5	16	193	6	5
4228	0	1	1	421	1	421	9	424	3	16	193	10	5
4228	0	2	2	421	1	421	9	424	3	16	193	18	5
4228	0	3	3	421	1	421	9	424	3	16	193	40	5
4228	0	4	4	421	1	421	9	424	3	16	193	12	5
4228	0	5	5	421	1	421	9	424	3	16	193	38	5
4228	0	6	6	421	1	421	9	424	3	16	193	14	5
4228	0	7	7	421	1	421	9	424	3	16	193	3	5
4228	0	8	8	421	1	421	9	424	3	16	193	43	5
4228	0	9	9	421	1	421	9	424	3	16	193	7	5
4228	0	10	10	421	1	421	9	424	3	16	193	5	5
4228	0	11	11	421	1	421	9	424	3	16	193	6	5
4284	0	1	1	429	1	429	9	429	9	16	193	31	5
4284	0	2	2	429	1	429	9	429	9	16	193	26	5
4284	0	3	3	429	1	429	9	429	9	16	193	43	5
4284	0	4	4	429	1	429	9	429	9	16	193	35	5
4284	0	5	5	429	1	429	9	429	9	16	193	18	5
4284	0	6	6	429	1	429	9	429	9	16	193	22	5
4284	0	7	7	429	1	429	9	429	9	16	193	20	5
4284	0	8	8	429	1	429	9	429	9	16	193	23	5
4284	0	9	9	429	1	429	9	429	9	16	193	12	5
4284	0	10	10	429	1	429	9	429	9	16	193	4	5
4284	0	11	11	429	1	429	9	429	9	16	193	1	5
4292	0	1	1	429	1	429	9	430	7	16	193	31	5
4292	0	2	2	429	1	429	9	430	7	16	193	26	5
4292	0	3	3	429	1	429	9	430	7	16	193	43	5
4292	0	4	4	429	1	429	9	430	7	16	193	35	5
4292	0	5	5	429	1	429	9	430	7	16	193	18	5
4292	0	6	6	429	1	429	9	430	7	16	193	22	5
4292	0	7	7	429	1	429	9	430	7	16	193	20	5
4292	0	8	8	429	1	429	9	430	7	16	193	23	5
4292	0	9	9	429	1	429	9	430	7	16	193	12	5
4292	0	10	10	429	1	429	9	430	7	16	193	4	5
4292	0	11	11	429	1	429	9	430	7	16	193	1	5
4300	0	1	1	429	1	429	9	431	5	16	193	31	5
4300	0	2	2	429	1	429	9	431	5	16	193	26	5
4300	0	3	3	429	1	429	9	431	5	16	193	43	5
4300	0	4	4	429	1	429	9	431	5	16	193	35	5
4300	0	5	5	429	1	429	9	431	5	16	193	18	5
4300	0	6	6	429	1	429	9	431	5	16	193	22	5
4300	0	7	7	429	1	429	9	431	5	16	193	20	5
4300	0	8	8	429	1	429	9	431	5	16	193	23	5
4300	0	9	9	429	1	429	9	431	5	16	193	12	5
4300	0	10	10	429	1	429	9	431	5	16	193	4	5
4300	0	11	11	429	1	429	9	431	5	16	193	1	5
4308	0	1	1	429	1	429	9	432	3	16	193	31	5
4308	0	2	2	429	1	429	9	432	3	16	193	26	5
4308	0	3	3	429	1	429	9	432	3	16	193	43	5
4308	0	4	4	429	1	429	9	432	3	16	193	35	5
4308	0	5	5	429	1	429	9	432	3	16	193	18	5
4308	0	6	6	429	1	429	9	432	3	16	193	22	5
4308	0	7	7	429	1	429	9	432	3	16	193	20	5
4308	0	8	8	429	1	429	9	432	3	16	193	23	5
4308	0	9	9	429	1	429	9	432	3	16	193	12	5
4308	0	10	10	429	1	429	9	432	3	16	193	4	5
4308	0	11	11	429	1	429	9	432	3	16	193	1	5
4324	0	1	1	433	1	433	9	433	9	16	193	14	5
4324	0	2	2	433	1	433	9	433	9	16	193	31	5
4324	0	3	3	433	1	433	9	433	9	16	193	23	5
4324	0	4	4	433	1	433	9	433	9	16	193	7	5
4324	0	5	5	433	1	433	9	433	9	16	193	9	5
4324	0	6	6	433	1	433	9	433	9	16	193	24	5
4324	0	7	7	433	1	433	9	433	9	16	193	14	5
4324	0	8	8	433	1	433	9	433	9	16	193	15	5
4324	0	9	9	433	1	433	9	433	9	16	193	30	5
4324	0	10	10	433	1	433	9	433	9	16	193	41	5
4324	0	11	11	433	1	433	9	433	9	16	193	16	5
4332	0	1	1	433	1	433	9	434	7	16	193	14	5
4332	0	2	2	433	1	433	9	434	7	16	193	31	5
4332	0	3	3	433	1	433	9	434	7	16	193	23	5
4332	0	4	4	433	1	433	9	434	7	16	193	7	5
4332	0	5	5	433	1	433	9	434	7	16	193	9	5
4332	0	6	6	433	1	433	9	434	7	16	193	24	5
4332	0	7	7	433	1	433	9	434	7	16	193	14	5
4332	0	8	8	433	1	433	9	434	7	16	193	15	5
4332	0	9	9	433	1	433	9	434	7	16	193	30	5
4332	0	10	10	433	1	433	9	434	7	16	193	41	5
4332	0	11	11	433	1	433	9	434	7	16	193	16	5
4340	0	1	1	433	1	433	9	435	5	16	193	14	5
4340	0	2	2	433	1	433	9	435	5	16	193	31	5
4340	0	3	3	433	1	433	9	435	5	16	193	23	5
4340	0	4	4	433	1	433	9	435	5	16	193	7	5
4340	0	5	5	433	1	433	9	435	5	16	193	9	5
4340	0	6	6	433	1	433	9	435	5	16	193	24	5
4340	0	7	7	433	1	433	9	435	5	16	193	14	5
4340	0	8	8	433	1	433	9	435	5	16	193	15	5
4340	0	9	9	433	1	433	9	435	5	16	193	30	5
4340	0	10	10	433	1	433	9	435	5	16	193	41	5
4340	0	11	11	433	1	433	9	435	5	16	193	16	5
4348	0	1	1	433	1	433	9	436	3	16	193	14	5
4348	0	2	2	433	1	433	9	436	3	16	193	31	5
4348	0	3	3	433	1	433	9	436	3	16	193	23	5
4348	0	4	4	433	1	433	9	436	3	16	193	7	5
4348	0	5	5	433	1	433	9	436	3	16	193	9	5
4348	0	6	6	433	1	433	9	436	3	16	193	24	5
4348	0	7	7	433	1	433	9	436	3	16	193	14	5
4348	0	8	8	433	1	433	9	436	3	16	193	15	5
4348	0	9	9	433	1	433	9	436	3	16	193	30	5
4348	0	10	10	433	1	433	9	436	3	16	193	41	5
4348	0	11	11	433	1	433	9	436	3	16	193	16	5
4404	0	1	1	441	1	441	9	441	9	16	193	10	5
4404	0	2	2	441	1	441	9	441	9	16	193	27	5
4404	0	3	3	441	1	441	9	441	9	16	193	17	5
4404	0	4	4	441	1	441	9	441	9	16	193	26	5
4404	0	5	5	441	1	441	9	441	9	16	193	11	5
4404	0	6	6	441	1	441	9	441	9	16	193	2	5
4404	0	7	7	441	1	441	9	441	9	16	193	15	5
4404	0	8	8	441	1	441	9	441	9	16	193	15	5
4404	0	9	9	441	1	441	9	441	9	16	193	23	5
4404	0	10	10	441	1	441	9	441	9	16	193	22	5
4404	0	11	11	441	1	441	9	441	9	16	193	28	5
4412	0	1	1	441	1	441	9	442	7	16	193	10	5
4412	0	2	2	441	1	441	9	442	7	16	193	27	5
4412	0	3	3	441	1	441	9	442	7	16	193	17	5
4412	0	4	4	441	1	441	9	442	7	16	193	26	5
4412	0	5	5	441	1	441	9	442	7	16	193	11	5
4412	0	6	6	441	1	441	9	442	7	16	193	2	5
4412	0	7	7	441	1	441	9	442	7	16	193	15	5
4412	0	8	8	441	1	441	9	442	7	16	193	15	5
4412	0	9	9	441	1	441	9	442	7	16	193	23	5
4412	0	10	10	441	1	441	9	442	7	16	193	22	5
4412	0	11	11	441	1	441	9	442	7	16	193	28	5
4420	0	1	1	441	1	441	9	443	5	16	193	10	5
4420	0	2	2	441	1	441	9	443	5	16	193	27	5
4420	0	3	3	441	1	441	9	443	5	16	193	17	5
4420	0	4	4	441	1	441	9	443	5	16	193	26	5
4420	0	5	5	441	1	441	9	443	5	16	193	11	5
4420	0	6	6	441	1	441	9	443	5	16	193	2	5
4420	0	7	7	441	1	441	9	443	5	16	193	15	5
4420	0	8	8	441	1	441	9	443	5	16	193	15	5
4420	0	9	9	441	1	441	9	443	5	16	193	23	5
4420	0	10	10	441	1	441	9	443	5	16	193	22	5
4420	0	11	11	441	1	441	9	443	5	16	193	28	5
4428	0	1	1	441	1	441	9	444	3	16	193	10	5
4428	0	2	2	441	1	441	9	444	3	16	193	27	5
4428	0	3	3	441	1	441	9	444	3	16	193	17	5
4428	0	4	4	441	1	441	9	444	3	16	193	26	5
4428	0	5	5	441	1	441	9	444	3	16	193	11	5
4428	0	6	6	441	1	441	9	444	3	16	193	2	5
4428	0	7	7	441	1	441	9	444	3	16	193	15	5
4428	0	8	8	441	1	441	9	444	3	16	193	15	5
4428	0	9	9	441	1	441	9	444	3	16	193	23	5
4428	0	10	10	441	1	441	9	444	3	16	193	22	5
4428	0	11	11	441	1	441	9	444	3	16	193	28	5
4444	0	1	1	445	1	445	9	445	9	16	193	34	5
4444	0	2	2	445	1	445	9	445	9	16	193	38	5
4444	0	3	3	445	1	445	9	445	9	16	193	7	5
4444	0	4	4	445	1	445	9	445	9	16	193	19	5
4444	0	5	5	445	1	445	9	445	9	16	193	8	5
4444	0	6	6	445	1	445	9	445	9	16	193	2	5
4444	0	7	7	445	1	445	9	445	9	16	193	14	5
4444	0	8	8	445	1	445	9	445	9	16	193	4	5
4444	0	9	9	445	1	445	9	445	9	16	193	40	5
4444	0	10	10	445	1	445	9	445	9	16	193	2	5
4444	0	11	11	445	1	445	9	445	9	16	193	17	5
4452	0	1	1	445	1	445	9	446	7	16	193	34	5
4452	0	2	2	445	1	445	9	446	7	16	193	38	5
4452	0	3	3	445	1	445	9	446	7	16	193	7	5
4452	0	4	4	445	1	445	9	446	7	16	193	19	5
4452	0	5	5	445	1	445	9	446	7	16	193	8	5
4452	0	6	6	445	1	445	9	446	7	16	193	2	5
4452	0	7	7	445	1	445	9	446	7	16	193	14	5
4452	0	8	8	445	1	445	9	446	7	16	193	4	5
4452	0	9	9	445	1	445	9	446	7	16	193	40	5
4452	0	10	10	445	1	445	9	446	7	16	193	2	5
4452	0	11	11	445	1	445	9	446	7	16	193	17	5
4460	0	1	1	445	1	445	9	447	5	16	193	34	5
4460	0	2	2	445	1	445	9	447	5	16	193	38	5
4460	0	3	3	445	1	445	9	447	5	16	193	7	5
4460	0	4	4	445	1	445	9	447	5	16	193	19	5
4460	0	5	5	445	1	445	9	447	5	16	193	8	5
4460	0	6	6	445	1	445	9	447	5	16	193	2	5
4460	0	7	7	445	1	445	9	447	5	16	193	14	5
4460	0	8	8	445	1	445	9	447	5	16	193	4	5
4460	0	9	9	445	1	445	9	447	5	16	193	40	5
4460	0	10	10	445	1	445	9	447	5	16	193	2	5
4460	0	11	11	445	1	445	9	447	5	16	193	17	5
4468	0	1	1	445	1	445	9	448	3	16	193	34	5
4468	0	2	2	445	1	445	9	448	3	16	193	38	5
4468	0	3	3	445	1	445	9	448	3	16	193	7	5
4468	0	4	4	445	1	445	9	448	3	16	193	19	5
4468	0	5	5	445	1	445	9	448	3	16	193	8	5
4468	0	6	6	445	1	445	9	448	3	16	193	2	5
4468	0	7	7	445	1	445	9	448	3	16	193	14	5
4468	0	8	8	445	1	445	9	448	3	16	193	4	5
4468	0	9	9	445	1	445	9	448	3	16	193	40	5
4468	0	10	10	445	1	445	9	448	3	16	193	2	5
4468	0	11	11	445	1	445	9	448	3	16	193	17	5
4524	0	1	1	453	1	453	9	453	9	16	193	41	5
4524	0	2	2	453	1	453	9	453	9	16	193	45	5
4524	0	3	3	453	1	453	9	453	9	16	193	14	5
4524	0	4	4	453	1	453	9	453	9	16	193	7	5
4524	0	5	5	453	1	453	9	453	9	16	193	9	5
4524	0	6	6	453	1	453	9	453	9	16	193	18	5
4524	0	7	7	453	1	453	9	453	9	16	193	39	5
4524	0	8	8	453	1	453	9	453	9	16	193	2	5
4524	0	9	9	453	1	453	9	453	9	16	193	21	5
4524	0	10	10	453	1	453	9	453	9	16	193	7	5
4524	0	11	11	453	1	453	9	453	9	16	193	30	5
4532	0	1	1	453	1	453	9	454	7	16	193	41	5
4532	0	2	2	453	1	453	9	454	7	16	193	45	5
4532	0	3	3	453	1	453	9	454	7	16	193	14	5
4532	0	4	4	453	1	453	9	454	7	16	193	7	5
4532	0	5	5	453	1	453	9	454	7	16	193	9	5
4532	0	6	6	453	1	453	9	454	7	16	193	18	5
4532	0	7	7	453	1	453	9	454	7	16	193	39	5
4532	0	8	8	453	1	453	9	454	7	16	193	2	5
4532	0	9	9	453	1	453	9	454	7	16	193	21	5
4532	0	10	10	453	1	453	9	454	7	16	193	7	5
4532	0	11	11	453	1	453	9	454	7	16	193	30	5
4540	0	1	1	453	1	453	9	455	5	16	193	41	5
4540	0	2	2	453	1	453	9	455	5	16	193	45	5
4540	0	3	3	453	1	453	9	455	5	16	193	14	5
4540	0	4	4	453	1	453	9	455	5	16	193	7	5
4540	0	5	5	453	1	453	9	455	5	16	193	9	5
4540	0	6	6	453	1	453	9	455	5	16	193	18	5
4540	0	7	7	453	1	453	9	455	5	16	193	39	5
4540	0	8	8	453	1	453	9	455	5	16	193	2	5
4540	0	9	9	453	1	453	9	455	5	16	193	21	5
4540	0	10	10	453	1	453	9	455	5	16	193	7	5
4540	0	11	11	453	1	453	9	455	5	16	193	30	5
4548	0	1	1	453	1	453	9	456	3	16	193	41	5
4548	0	2	2	453	1	453	9	456	3	16	193	45	5
4548	0	3	3	453	1	453	9	456	3	16	193	14	5
4548	0	4	4	453	1	453	9	456	3	16	193	7	5
4548	0	5	5	453	1	453	9	456	3	16	193	9	5
4548	0	6	6	453	1	453	9	456	3	16	193	18	5
4548	0	7	7	453	1	453	9	456	3	16	193	39	5
4548	0	8	8	453	1	453	9	456	3	16	193	2	5
4548	0	9	9	453	1	453	9	456	3	16	193	21	5
4548	0	10	10	453	1	453	9	456	3	16	193	7	5
4548	0	11	11	453	1	453	9	456	3	16	193	30	5
4604	0	1	1	461	1	461	9	461	9	16	193	33	5
4604	0	2	2	461	1	461	9	461	9	16	193	43	5
4604	0	3	3	461	1	461	9	461	9	16	193	43	5
4604	0	4	4	461	1	461	9	461	9	16	193	26	5
4604	0	5	5	461	1	461	9	461	9	16	193	5	5
4604	0	6	6	461	1	461	9	461	9	16	193	36	5
4604	0	7	7	461	1	461	9	461	9	16	193	35	5
4604	0	8	8	461	1	461	9	461	9	16	193	20	5
4604	0	9	9	461	1	461	9	461	9	16	193	39	5
4604	0	10	10	461	1	461	9	461	9	16	193	4	5
4604	0	11	11	461	1	461	9	461	9	16	193	34	5
4612	0	1	1	461	1	461	9	462	7	16	193	33	5
4612	0	2	2	461	1	461	9	462	7	16	193	43	5
4612	0	3	3	461	1	461	9	462	7	16	193	43	5
4612	0	4	4	461	1	461	9	462	7	16	193	26	5
4612	0	5	5	461	1	461	9	462	7	16	193	5	5
4612	0	6	6	461	1	461	9	462	7	16	193	36	5
4612	0	7	7	461	1	461	9	462	7	16	193	35	5
4612	0	8	8	461	1	461	9	462	7	16	193	20	5
4612	0	9	9	461	1	461	9	462	7	16	193	39	5
4612	0	10	10	461	1	461	9	462	7	16	193	4	5
4612	0	11	11	461	1	461	9	462	7	16	193	34	5
4620	0	1	1	461	1	461	9	463	5	16	193	33	5
4620	0	2	2	461	1	461	9	463	5	16	193	43	5
4620	0	3	3	461	1	461	9	463	5	16	193	43	5
4620	0	4	4	461	1	461	9	463	5	16	193	26	5
4620	0	5	5	461	1	461	9	463	5	16	193	5	5
4620	0	6	6	461	1	461	9	463	5	16	193	36	5
4620	0	7	7	461	1	461	9	463	5	16	193	35	5
4620	0	8	8	461	1	461	9	463	5	16	193	20	5
4620	0	9	9	461	1	461	9	463	5	16	193	39	5
4620	0	10	10	461	1	461	9	463	5	16	193	4	5
4620	0	11	11	461	1	461	9	463	5	16	193	34	5
4628	0	1	1	461	1	461	9	464	3	16	193	33	5
4628	0	2	2	461	1	461	9	464	3	16	193	43	5
4628	0	3	3	461	1	461	9	464	3	16	193	43	5
4628	0	4	4	461	1	461	9	464	3	16	193	26	5
4628	0	5	5	461	1	461	9	464	3	16	193	5	5
4628	0	6	6	461	1	461	9	464	3	16	193	36	5
4628	0	7	7	461	1	461	9	464	3	16	193	35	5
4628	0	8	8	461	1	461	9	464	3	16	193	20	5
4628	0	9	9	461	1	461	9	464	3	16	193	39	5
4628	0	10	10	461	1	461	9	464	3	16	193	4	5
4628	0	11	11	461	1	461	9	464	3	16	193	34	5
4644	0	1	1	465	1	465	9	465	9	16	193	36	5
4644	0	2	2	465	1	465	9	465	9	16	193	8	5
4644	0	3	3	465	1	465	9	465	9	16	193	4	5
4644	0	4	4	465	1	465	9	465	9	16	193	13	5
4644	0	5	5	465	1	465	9	465	9	16	193	19	5
4644	0	6	6	465	1	465	9	465	9	16	193	14	5
4644	0	7	7	465	1	465	9	465	9	16	193	28	5
4644	0	8	8	465	1	465	9	465	9	16	193	13	5
4644	0	9	9	465	1	465	9	465	9	16	193	34	5
4644	0	10	10	465	1	465	9	465	9	16	193	3	5
4644	0	11	11	465	1	465	9	465	9	16	193	19	5
4652	0	1	1	465	1	465	9	466	7	16	193	36	5
4652	0	2	2	465	1	465	9	466	7	16	193	8	5
4652	0	3	3	465	1	465	9	466	7	16	193	4	5
4652	0	4	4	465	1	465	9	466	7	16	193	13	5
4652	0	5	5	465	1	465	9	466	7	16	193	19	5
4652	0	6	6	465	1	465	9	466	7	16	193	14	5
4652	0	7	7	465	1	465	9	466	7	16	193	28	5
4652	0	8	8	465	1	465	9	466	7	16	193	13	5
4652	0	9	9	465	1	465	9	466	7	16	193	34	5
4652	0	10	10	465	1	465	9	466	7	16	193	3	5
4652	0	11	11	465	1	465	9	466	7	16	193	19	5
4660	0	1	1	465	1	465	9	467	5	16	193	36	5
4660	0	2	2	465	1	465	9	467	5	16	193	8	5
4660	0	3	3	465	1	465	9	467	5	16	193	4	5
4660	0	4	4	465	1	465	9	467	5	16	193	13	5
4660	0	5	5	465	1	465	9	467	5	16	193	19	5
4660	0	6	6	465	1	465	9	467	5	16	193	14	5
4660	0	7	7	465	1	465	9	467	5	16	193	28	5
4660	0	8	8	465	1	465	9	467	5	16	193	13	5
4660	0	9	9	465	1	465	9	467	5	16	193	34	5
4660	0	10	10	465	1	465	9	467	5	16	193	3	5
4660	0	11	11	465	1	465	9	467	5	16	193	19	5
4668	0	1	1	465	1	465	9	468	3	16	193	36	5
4668	0	2	2	465	1	465	9	468	3	16	193	8	5
4668	0	3	3	465	1	465	9	468	3	16	193	4	5
4668	0	4	4	465	1	465	9	468	3	16	193	13	5
4668	0	5	5	465	1	465	9	468	3	16	193	19	5
4668	0	6	6	465	1	465	9	468	3	16	193	14	5
4668	0	7	7	465	1	465	9	468	3	16	193	28	5
4668	0	8	8	465	1	465	9	468	3	16	193	13	5
4668	0	9	9	465	1	465	9	468	3	16	193	34	5
4668	0	10	10	465	1	465	9	468	3	16	193	3	5
4668	0	11	11	465	1	465	9	468	3	16	193	19	5
4724	0	1	1	473	1	473	9	473	9	16	193	8	5
4724	0	2	2	473	1	473	9	473	9	16	193	18	5
4724	0	3	3	473	1	473	9	473	9	16	193	29	5
4724	0	4	4	473	1	473	9	473	9	16	193	27	5
4724	0	5	5	473	1	473	9	473	9	16	193	20	5
4724	0	6	6	473	1	473	9	473	9	16	193	35	5
4724	0	7	7	473	1	473	9	473	9	16	193	15	5
4724	0	8	8	473	1	473	9	473	9	16	193	40	5
4724	0	9	9	473	1	473	9	473	9	16	193	24	5
4724	0	10	10	473	1	473	9	473	9	16	193	7	5
4724	0	11	11	473	1	473	9	473	9	16	193	18	5
4732	0	1	1	473	1	473	9	474	7	16	193	8	5
4732	0	2	2	473	1	473	9	474	7	16	193	18	5
4732	0	3	3	473	1	473	9	474	7	16	193	29	5
4732	0	4	4	473	1	473	9	474	7	16	193	27	5
4732	0	5	5	473	1	473	9	474	7	16	193	20	5
4732	0	6	6	473	1	473	9	474	7	16	193	35	5
4732	0	7	7	473	1	473	9	474	7	16	193	15	5
4732	0	8	8	473	1	473	9	474	7	16	193	40	5
4732	0	9	9	473	1	473	9	474	7	16	193	24	5
4732	0	10	10	473	1	473	9	474	7	16	193	7	5
4732	0	11	11	473	1	473	9	474	7	16	193	18	5
4740	0	1	1	473	1	473	9	475	5	16	193	8	5
4740	0	2	2	473	1	473	9	475	5	16	193	18	5
4740	0	3	3	473	1	473	9	475	5	16	193	29	5
4740	0	4	4	473	1	473	9	475	5	16	193	27	5
4740	0	5	5	473	1	473	9	475	5	16	193	20	5
4740	0	6	6	473	1	473	9	475	5	16	193	35	5
4740	0	7	7	473	1	473	9	475	5	16	193	15	5
4740	0	8	8	473	1	473	9	475	5	16	193	40	5
4740	0	9	9	473	1	473	9	475	5	16	193	24	5
4740	0	10	10	473	1	473	9	475	5	16	193	7	5
4740	0	11	11	473	1	473	9	475	5	16	193	18	5
4748	0	1	1	473	1	473	9	476	3	16	193	8	5
4748	0	2	2	473	1	473	9	476	3	16	193	18	5
4748	0	3	3	473	1	473	9	476	3	16	193	29	5
4748	0	4	4	473	1	473	9	476	3	16	193	27	5
4748	0	5	5	473	1	473	9	476	3	16	193	20	5
4748	0	6	6	473	1	473	9	476	3	16	193	35	5
4748	0	7	7	473	1	473	9	476	3	16	193	15	5
4748	0	8	8	473	1	473	9	476	3	16	193	40	5
4748	0	9	9	473	1	473	9	476	3	16	193	24	5
4748	0	10	10	473	1	473	9	476	3	16	193	7	5
4748	0	11	11	473	1	473	9	476	3	16	193	18	5
4764	0	1	1	477	1	477	9	477	9	16	193	2	5
4764	0	2	2	477	1	477	9	477	9	16	193	39	5
4764	0	3	3	477	1	477	9	477	9	16	193	0	5
4764	0	4	4	477	1	477	9	477	9	16	193	40	5
4764	0	5	5	477	1	477	9	477	9	16	193	35	5
4764	0	6	6	477	1	477	9	477	9	16	193	13	5
4764	0	7	7	477	1	477	9	477	9	16	193	39	5
4764	0	8	8	477	1	477	9	477	9	16	193	1	5
4764	0	9	9	477	1	477	9	477	9	16	193	11	5
4764	0	10	10	477	1	477	9	477	9	16	193	35	5
4764	0	11	11	477	1	477	9	477	9	16	193	34	5
4772	0	1	1	477	1	477	9	478	7	16	193	2	5
4772	0	2	2	477	1	477	9	478	7	16	193	39	5
4772	0	3	3	477	1	477	9	478	7	16	193	0	5
4772	0	4	4	477	1	477	9	478	7	16	193	40	5
4772	0	5	5	477	1	477	9	478	7	16	193	35	5
4772	0	6	6	477	1	477	9	478	7	16	193	13	5
4772	0	7	7	477	1	477	9	478	7	16	193	39	5
4772	0	8	8	477	1	477	9	478	7	16	193	1	5
4772	0	9	9	477	1	477	9	478	7	16	193	11	5
4772	0	10	10	477	1	477	9	478	7	16	193	35	5
4772	0	11	11	477	1	477	9	478	7	16	193	34	5
4780	0	1	1	477	1	477	9	479	5	16	193	2	5
4780	0	2	2	477	1	477	9	479	5	16	193	39	5
4780	0	3	3	477	1	477	9	479	5	16	193	0	5
4780	0	4	4	477	1	477	9	479	5	16	193	40	5
4780	0	5	5	477	1	477	9	479	5	16	193	35	5
4780	0	6	6	477	1	477	9	479	5	16	193	13	5
4780	0	7	7	477	1	477	9	479	5	16	193	39	5
4780	0	8	8	477	1	477	9	479	5	16	193	1	5
4780	0	9	9	477	1	477	9	479	5	16	193	11	5
4780	0	10	10	477	1	477	9	479	5	16	193	35	5
4780	0	11	11	477	1	477	9	479	5	16	193	34	5
4788	0	1	1	477	1	477	9	480	3	16	193	2	5
4788	0	2	2	477	1	477	9	480	3	16	193	39	5
4788	0	3	3	477	1	477	9	480	3	16	193	0	5
4788	0	4	4	477	1	477	9	480	3	16	193	40	5
4788	0	5	5	477	1	477	9	480	3	16	193	35	5
4788	0	6	6	477	1	477	9	480	3	16	193	13	5
4788	0	7	7	477	1	477	9	480	3	16	193	39	5
4788	0	8	8	477	1	477	9	480	3	16	193	1	5
4788	0	9	9	477	1	477	9	480	3	16	193	11	5
4788	0	10	10	477	1	477	9	480	3	16	193	35	5
4788	0	11	11	477	1	477	9	480	3	16	193	34	5
4844	0	1	1	485	1	485	9	485	9	16	193	26	5
4844	0	2	2	485	1	485	9	485	9	16	193	37	5
4844	0	3	3	485	1	485	9	485	9	16	193	34	5
4844	0	4	4	485	1	485	9	485	9	16	193	13	5
4844	0	5	5	485	1	485	9	485	9	16	193	33	5
4844	0	6	6	485	1	485	9	485	9	16	193	27	5
4844	0	7	7	485	1	485	9	485	9	16	193	45	5
4844	0	8	8	485	1	485	9	485	9	16	193	15	5
4844	0	9	9	485	1	485	9	485	9	16	193	2	5
4844	0	10	10	485	1	485	9	485	9	16	193	21	5
4844	0	11	11	485	1	485	9	485	9	16	193	10	5
4852	0	1	1	485	1	485	9	486	7	16	193	26	5
4852	0	2	2	485	1	485	9	486	7	16	193	37	5
4852	0	3	3	485	1	485	9	486	7	16	193	34	5
4852	0	4	4	485	1	485	9	486	7	16	193	13	5
4852	0	5	5	485	1	485	9	486	7	16	193	33	5
4852	0	6	6	485	1	485	9	486	7	16	193	27	5
4852	0	7	7	485	1	485	9	486	7	16	193	45	5
4852	0	8	8	485	1	485	9	486	7	16	193	15	5
4852	0	9	9	485	1	485	9	486	7	16	193	2	5
4852	0	10	10	485	1	485	9	486	7	16	193	21	5
4852	0	11	11	485	1	485	9	486	7	16	193	10	5
4860	0	1	1	485	1	485	9	487	5	16	193	26	5
4860	0	2	2	485	1	485	9	487	5	16	193	37	5
4860	0	3	3	485	1	485	9	487	5	16	193	34	5
4860	0	4	4	485	1	485	9	487	5	16	193	13	5
4860	0	5	5	485	1	485	9	487	5	16	193	33	5
4860	0	6	6	485	1	485	9	487	5	16	193	27	5
4860	0	7	7	485	1	485	9	487	5	16	193	45	5
4860	0	8	8	485	1	485	9	487	5	16	193	15	5
4860	0	9	9	485	1	485	9	487	5	16	193	2	5
4860	0	10	10	485	1	485	9	487	5	16	193	21	5
4860	0	11	11	485	1	485	9	487	5	16	193	10	5
4868	0	1	1	485	1	485	9	488	3	16	193	26	5
4868	0	2	2	485	1	485	9	488	3	16	193	37	5
4868	0	3	3	485	1	485	9	488	3	16	193	34	5
4868	0	4	4	485	1	485	9	488	3	16	193	13	5
4868	0	5	5	485	1	485	9	488	3	16	193	33	5
4868	0	6	6	485	1	485	9	488	3	16	193	27	5
4868	0	7	7	485	1	485	9	488	3	16	193	45	5
4868	0	8	8	485	1	485	9	488	3	16	193	15	5
4868	0	9	9	485	1	485	9	488	3	16	193	2	5
4868	0	10	10	485	1	485	9	488	3	16	193	21	5
4868	0	11	11	485	1	485	9	488	3	16	193	10	5
4924	0	1	1	493	1	493	9	493	9	16	193	9	5
4924	0	2	2	493	1	493	9	493	9	16	193	32	5
4924	0	3	3	493	1	493	9	493	9	16	193	33	5
4924	0	4	4	493	1	493	9	493	9	16	193	43	5
4924	0	5	5	493	1	493	9	493	9	16	193	3	5
4924	0	6	6	493	1	493	9	493	9	16	193	43	5
4924	0	7	7	493	1	493	9	493	9	16	193	16	5
4924	0	8	8	493	1	493	9	493	9	16	193	12	5
4924	0	9	9	493	1	493	9	493	9	16	193	10	5
4924	0	10	10	493	1	493	9	493	9	16	193	39	5
4924	0	11	11	493	1	493	9	493	9	16	193	0	5
4932	0	1	1	493	1	493	9	494	7	16	193	9	5
4932	0	2	2	493	1	493	9	494	7	16	193	32	5
4932	0	3	3	493	1	493	9	494	7	16	193	33	5
4932	0	4	4	493	1	493	9	494	7	16	193	43	5
4932	0	5	5	493	1	493	9	494	7	16	193	3	5
4932	0	6	6	493	1	493	9	494	7	16	193	43	5
4932	0	7	7	493	1	493	9	494	7	16	193	16	5
4932	0	8	8	493	1	493	9	494	7	16	193	12	5
4932	0	9	9	493	1	493	9	494	7	16	193	10	5
4932	0	10	10	493	1	493	9	494	7	16	193	39	5
4932	0	11	11	493	1	493	9	494	7	16	193	0	5
4940	0	1	1	493	1	493	9	495	5	16	193	9	5
4940	0	2	2	493	1	493	9	495	5	16	193	32	5
4940	0	3	3	493	1	493	9	495	5	16	193	33	5
4940	0	4	4	493	1	493	9	495	5	16	193	43	5
4940	0	5	5	493	1	493	9	495	5	16	193	3	5
4940	0	6	6	493	1	493	9	495	5	16	193	43	5
4940	0	7	7	493	1	493	9	495	5	16	193	16	5
4940	0	8	8	493	1	493	9	495	5	16	193	12	5
4940	0	9	9	493	1	493	9	495	5	16	193	10	5
4940	0	10	10	493	1	493	9	495	5	16	193	39	5
4940	0	11	11	493	1	493	9	495	5	16	193	0	5
4948	0	1	1	493	1	493	9	496	3	16	193	9	5
4948	0	2	2	493	1	493	9	496	3	16	193	32	5
4948	0	3	3	493	1	493	9	496	3	16	193	33	5
4948	0	4	4	493	1	493	9	496	3	16	193	43	5
4948	0	5	5	493	1	493	9	496	3	16	193	3	5
4948	0	6	6	493	1	493	9	496	3	16	193	43	5
4948	0	7	7	493	1	493	9	496	3	16	193	16	5
4948	0	8	8	493	1	493	9	496	3	16	193	12	5
4948	0	9	9	493	1	493	9	496	3	16	193	10	5
4948	0	10	10	493	1	493	9	496	3	16	193	39	5
4948	0	11	11	493	1	493	9	496	3	16	193	0	5
4964	0	1	1	497	1	497	9	497	9	16	193	1	5
4964	0	2	2	497	1	497	9	497	9	16	193	0	5
4964	0	3	3	497	1	497	9	497	9	16	193	0	5
4964	0	4	4	497	1	497	9	497	9	16	193	32	5
4964	0	5	5	497	1	497	9	497	9	16	193	41	5
4964	0	6	6	497	1	497	9	497	9	16	193	13	5
4964	0	7	7	497	1	497	9	497	9	16	193	7	5
4964	0	8	8	497	1	497	9	497	9	16	193	22	5
4964	0	9	9	497	1	497	9	497	9	16	193	33	5
4964	0	10	10	497	1	497	9	497	9	16	193	4	5
4964	0	11	11	497	1	497	9	497	9	16	193	33	5
4972	0	1	1	497	1	497	9	498	7	16	193	1	5
4972	0	2	2	497	1	497	9	498	7	16	193	0	5
4972	0	3	3	497	1	497	9	498	7	16	193	0	5
4972	0	4	4	497	1	497	9	498	7	16	193	32	5
4972	0	5	5	497	1	497	9	498	7	16	193	41	5
4972	0	6	6	497	1	497	9	498	7	16	193	13	5
4972	0	7	7	497	1	497	9	498	7	16	193	7	5
4972	0	8	8	497	1	497	9	498	7	16	193	22	5
4972	0	9	9	497	1	497	9	498	7	16	193	33	5
4972	0	10	10	497	1	497	9	498	7	16	193	4	5
4972	0	11	11	497	1	497	9	498	7	16	193	33	5
4980	0	1	1	497	1	497	9	499	5	16	193	1	5
4980	0	2	2	497	1	497	9	499	5	16	193	0	5
4980	0	3	3	497	1	497	9	499	5	16	193	0	5
4980	0	4	4	497	1	497	9	499	5	16	193	32	5
4980	0	5	5	497	1	497	9	499	5	16	193	41	5
4980	0	6	6	497	1	497	9	499	5	16	193	13	5
4980	0	7	7	497	1	497	9	499	5	16	193	7	5
4980	0	8	8	497	1	497	9	499	5	16	193	22	5
4980	0	9	9	497	1	497	9	499	5	16	193	33	5
4980	0	10	10	497	1	497	9	499	5	16	193	4	5
4980	0	11	11	497	1	497	9	499	5	16	193	33	5
4988	0	1	1	497	1	497	9	500	3	16	193	1	5
4988	0	2	2	497	1	497	9	500	3	16	193	0	5
4988	0	3	3	497	1	497	9	500	3	16	193	0	5
4988	0	4	4	497	1	497	9	500	3	16	193	32	5
4988	0	5	5	497	1	497	9	500	3	16	193	41	5
4988	0	6	6	497	1	497	9	500	3	16	193	13	5
4988	0	7	7	497	1	497	9	500	3	16	193	7	5
4988	0	8	8	497	1	497	9	500	3	16	193	22	5
4988	0	9	9	497	1	497	9	500	3	16	193	33	5
4988	0	10	10	497	1	497	9	500	3	16	193	4	5
4988	0	11	11	497	1	497	9	500	3	16	193	33	5
