% time	cellId	IMSI	RNTI	frame	sframe	resPscch	pscchFr1	pscchSf1	pscchFr2	pscchSf2	mcs	TBS	psschRB	psschLen	psschItrp
2076	0	1	1	209	1	8	209	1	209	3	16	193	18	5	0
2076	0	2	2	209	1	115	209	4	209	5	16	193	1	5	0
2076	0	3	3	209	1	112	209	1	209	2	16	193	9	5	0
2076	0	4	4	209	1	49	209	1	209	2	16	193	33	5	0
2076	0	5	5	209	1	10	209	3	209	5	16	193	4	5	0
2076	0	6	6	209	1	104	209	1	209	8	16	193	41	5	0
2076	0	7	7	209	1	49	209	1	209	2	16	193	10	5	0
2076	0	8	8	209	1	42	209	1	209	3	16	193	24	5	0
2076	0	9	9	209	1	12	209	5	209	7	16	193	35	5	0
2076	0	10	10	209	1	132	209	5	209	8	16	193	39	5	0
2076	0	11	11	209	1	146	209	3	209	8	16	193	7	5	0
2156	0	1	1	217	1	167	217	7	217	8	16	193	0	5	0
2156	0	2	2	217	1	10	217	3	217	5	16	193	11	5	0
2156	0	3	3	217	1	97	217	2	217	8	16	193	17	5	0
2156	0	4	4	217	1	29	217	2	217	6	16	193	37	5	0
2156	0	5	5	217	1	11	217	4	217	6	16	193	1	5	0
2156	0	6	6	217	1	79	217	3	217	8	16	193	33	5	0
2156	0	7	7	217	1	139	217	4	217	8	16	193	45	5	0
2156	0	8	8	217	1	164	217	4	217	5	16	193	8	5	0
2156	0	9	9	217	1	102	217	5	217	7	16	193	19	5	0
2156	0	10	10	217	1	113	217	2	217	3	16	193	21	5	0
2156	0	11	11	217	1	67	217	4	217	6	16	193	27	5	0
2196	0	1	1	221	1	10	221	3	221	5	16	193	2	5	0
2196	0	2	2	221	1	160	221	1	221	8	16	193	36	5	0
2196	0	3	3	221	1	161	221	1	221	2	16	193	4	5	0
2196	0	4	4	221	1	116	221	5	221	6	16	193	16	5	0
2196	0	5	5	221	1	129	221	2	221	5	16	193	11	5	0
2196	0	6	6	221	1	93	221	3	221	6	16	193	6	5	0
2196	0	7	7	221	1	150	221	4	221	7	16	193	18	5	0
2196	0	8	8	221	1	78	221	2	221	7	16	193	25	5	0
2196	0	9	9	221	1	30	221	3	221	7	16	193	21	5	0
2196	0	10	10	221	1	132	221	5	221	8	16	193	2	5	0
2196	0	11	11	221	1	147	221	1	221	4	16	193	15	5	0
2276	0	1	1	229	1	89	229	2	229	7	16	193	26	5	0
2276	0	2	2	229	1	105	229	1	229	2	16	193	36	5	0
2276	0	3	3	229	1	38	229	4	229	7	16	193	30	5	0
2276	0	4	4	229	1	153	229	2	229	8	16	193	43	5	0
2276	0	5	5	229	1	136	229	1	229	5	16	193	39	5	0
2276	0	6	6	229	1	36	229	2	229	5	16	193	41	5	0
2276	0	7	7	229	1	122	229	3	229	5	16	193	38	5	0
2276	0	8	8	229	1	132	229	5	229	8	16	193	7	5	0
2276	0	9	9	229	1	159	229	6	229	8	16	193	20	5	0
2276	0	10	10	229	1	63	229	1	229	8	16	193	11	5	0
2276	0	11	11	229	1	34	229	3	229	8	16	193	20	5	0
2356	0	1	1	237	1	12	237	5	237	7	16	193	23	5	0
2356	0	2	2	237	1	70	237	1	237	7	16	193	7	5	0
2356	0	3	3	237	1	170	237	3	237	4	16	193	21	5	0
2356	0	4	4	237	1	160	237	1	237	8	16	193	30	5	0
2356	0	5	5	237	1	89	237	2	237	7	16	193	12	5	0
2356	0	6	6	237	1	46	237	5	237	7	16	193	11	5	0
2356	0	7	7	237	1	42	237	1	237	3	16	193	0	5	0
2356	0	8	8	237	1	173	237	6	237	7	16	193	4	5	0
2356	0	9	9	237	1	127	237	2	237	8	16	193	19	5	0
2356	0	10	10	237	1	169	237	2	237	3	16	193	27	5	0
2356	0	11	11	237	1	143	237	4	237	8	16	193	14	5	0
2396	0	1	1	241	1	40	241	1	241	7	16	193	16	5	0
2396	0	2	2	241	1	163	241	3	241	4	16	193	10	5	0
2396	0	3	3	241	1	74	241	3	241	6	16	193	14	5	0
2396	0	4	4	241	1	134	241	2	241	7	16	193	37	5	0
2396	0	5	5	241	1	56	241	1	241	2	16	193	44	5	0
2396	0	6	6	241	1	42	241	1	241	3	16	193	5	5	0
2396	0	7	7	241	1	81	241	2	241	6	16	193	2	5	0
2396	0	8	8	241	1	114	241	3	241	4	16	193	14	5	0
2396	0	9	9	241	1	160	241	1	241	8	16	193	22	5	0
2396	0	10	10	241	1	83	241	4	241	8	16	193	20	5	0
2396	0	11	11	241	1	93	241	3	241	6	16	193	2	5	0
2476	0	1	1	249	1	46	249	5	249	7	16	193	40	5	0
2476	0	2	2	249	1	88	249	1	249	6	16	193	7	5	0
2476	0	3	3	249	1	149	249	3	249	6	16	193	39	5	0
2476	0	4	4	249	1	14	249	1	249	7	16	193	13	5	0
2476	0	5	5	249	1	11	249	4	249	6	16	193	28	5	0
2476	0	6	6	249	1	59	249	4	249	5	16	193	15	5	0
2476	0	7	7	249	1	52	249	4	249	5	16	193	33	5	0
2476	0	8	8	249	1	71	249	2	249	8	16	193	41	5	0
2476	0	9	9	249	1	152	249	1	249	7	16	193	39	5	0
2476	0	10	10	249	1	29	249	2	249	6	16	193	9	5	0
2476	0	11	11	249	1	31	249	4	249	8	16	193	5	5	0
2516	0	1	1	253	1	95	253	5	253	8	16	193	37	5	0
2516	0	2	2	253	1	69	253	6	253	8	16	193	4	5	0
2516	0	3	3	253	1	65	253	2	253	4	16	193	18	5	0
2516	0	4	4	253	1	48	253	1	253	8	16	193	38	5	0
2516	0	5	5	253	1	4	253	5	253	6	16	193	25	5	0
2516	0	6	6	253	1	79	253	3	253	8	16	193	3	5	0
2516	0	7	7	253	1	115	253	4	253	5	16	193	45	5	0
2516	0	8	8	253	1	130	253	3	253	6	16	193	18	5	0
2516	0	9	9	253	1	47	253	6	253	8	16	193	40	5	0
2516	0	10	10	253	1	133	253	1	253	6	16	193	23	5	0
2516	0	11	11	253	1	115	253	4	253	5	16	193	30	5	0
2596	0	1	1	261	1	100	261	3	261	5	16	193	17	5	0
2596	0	2	2	261	1	125	261	6	261	8	16	193	37	5	0
2596	0	3	3	261	1	130	261	3	261	6	16	193	31	5	0
2596	0	4	4	261	1	164	261	4	261	5	16	193	11	5	0
2596	0	5	5	261	1	39	261	5	261	8	16	193	32	5	0
2596	0	6	6	261	1	144	261	1	261	6	16	193	15	5	0
2596	0	7	7	261	1	54	261	6	261	7	16	193	41	5	0
2596	0	8	8	261	1	133	261	1	261	6	16	193	5	5	0
2596	0	9	9	261	1	173	261	6	261	7	16	193	34	5	0
2596	0	10	10	261	1	4	261	5	261	6	16	193	6	5	0
2596	0	11	11	261	1	1	261	2	261	3	16	193	11	5	0
2676	0	1	1	269	1	24	269	1	269	5	16	193	44	5	0
2676	0	2	2	269	1	46	269	5	269	7	16	193	11	5	0
2676	0	3	3	269	1	33	269	2	269	7	16	193	10	5	0
2676	0	4	4	269	1	62	269	7	269	8	16	193	16	5	0
2676	0	5	5	269	1	173	269	6	269	7	16	193	2	5	0
2676	0	6	6	269	1	37	269	3	269	6	16	193	41	5	0
2676	0	7	7	269	1	72	269	1	269	4	16	193	20	5	0
2676	0	8	8	269	1	31	269	4	269	8	16	193	32	5	0
2676	0	9	9	269	1	12	269	5	269	7	16	193	33	5	0
2676	0	10	10	269	1	89	269	2	269	7	16	193	20	5	0
2676	0	11	11	269	1	95	269	5	269	8	16	193	12	5	0
2716	0	1	1	273	1	149	273	3	273	6	16	193	2	5	0
2716	0	2	2	273	1	167	273	7	273	8	16	193	10	5	0
2716	0	3	3	273	1	163	273	3	273	4	16	193	18	5	0
2716	0	4	4	273	1	123	273	4	273	6	16	193	17	5	0
2716	0	5	5	273	1	126	273	1	273	7	16	193	24	5	0
2716	0	6	6	273	1	68	273	5	273	7	16	193	44	5	0
2716	0	7	7	273	1	161	273	1	273	2	16	193	33	5	0
2716	0	8	8	273	1	131	273	4	273	7	16	193	22	5	0
2716	0	9	9	273	1	159	273	6	273	8	16	193	0	5	0
2716	0	10	10	273	1	150	273	4	273	7	16	193	13	5	0
2716	0	11	11	273	1	160	273	1	273	8	16	193	32	5	0
2796	0	1	1	281	1	156	281	3	281	5	16	193	34	5	0
2796	0	2	2	281	1	56	281	1	281	2	16	193	43	5	0
2796	0	3	3	281	1	79	281	3	281	8	16	193	17	5	0
2796	0	4	4	281	1	41	281	2	281	8	16	193	8	5	0
2796	0	5	5	281	1	119	281	1	281	8	16	193	20	5	0
2796	0	6	6	281	1	3	281	4	281	5	16	193	5	5	0
2796	0	7	7	281	1	73	281	2	281	5	16	193	17	5	0
2796	0	8	8	281	1	30	281	3	281	7	16	193	32	5	0
2796	0	9	9	281	1	32	281	1	281	6	16	193	41	5	0
2796	0	10	10	281	1	27	281	4	281	8	16	193	17	5	0
2796	0	11	11	281	1	41	281	2	281	8	16	193	39	5	0
2836	0	1	1	285	1	35	285	1	285	4	16	193	23	5	0
2836	0	2	2	285	1	3	285	4	285	5	16	193	17	5	0
2836	0	3	3	285	1	170	285	3	285	4	16	193	6	5	0
2836	0	4	4	285	1	86	285	3	285	7	16	193	25	5	0
2836	0	5	5	285	1	85	285	2	285	6	16	193	4	5	0
2836	0	6	6	285	1	90	285	3	285	8	16	193	21	5	0
2836	0	7	7	285	1	145	285	2	285	7	16	193	18	5	0
2836	0	8	8	285	1	67	285	4	285	6	16	193	6	5	0
2836	0	9	9	285	1	32	285	1	285	6	16	193	1	5	0
2836	0	10	10	285	1	44	285	3	285	5	16	193	23	5	0
2836	0	11	11	285	1	132	285	5	285	8	16	193	3	5	0
2916	0	1	1	293	1	111	293	7	293	8	16	193	11	5	0
2916	0	2	2	293	1	26	293	3	293	7	16	193	45	5	0
2916	0	3	3	293	1	106	293	2	293	3	16	193	43	5	0
2916	0	4	4	293	1	138	293	3	293	7	16	193	3	5	0
2916	0	5	5	293	1	168	293	1	293	2	16	193	2	5	0
2916	0	6	6	293	1	77	293	1	293	6	16	193	34	5	0
2916	0	7	7	293	1	48	293	1	293	8	16	193	13	5	0
2916	0	8	8	293	1	132	293	5	293	8	16	193	45	5	0
2916	0	9	9	293	1	27	293	4	293	8	16	193	28	5	0
2916	0	10	10	293	1	64	293	1	293	3	16	193	45	5	0
2916	0	11	11	293	1	133	293	1	293	6	16	193	18	5	0
2996	0	1	1	301	1	12	301	5	301	7	16	193	41	5	0
2996	0	2	2	301	1	35	301	1	301	4	16	193	41	5	0
2996	0	3	3	301	1	97	301	2	301	8	16	193	12	5	0
2996	0	4	4	301	1	15	301	2	301	8	16	193	12	5	0
2996	0	5	5	301	1	20	301	5	301	8	16	193	37	5	0
2996	0	6	6	301	1	82	301	3	301	7	16	193	30	5	0
2996	0	7	7	301	1	146	301	3	301	8	16	193	9	5	0
2996	0	8	8	301	1	66	301	3	301	5	16	193	13	5	0
2996	0	9	9	301	1	36	301	2	301	5	16	193	24	5	0
2996	0	10	10	301	1	5	301	6	301	7	16	193	31	5	0
2996	0	11	11	301	1	51	301	3	301	4	16	193	21	5	0
3036	0	1	1	305	1	57	305	2	305	3	16	193	38	5	0
3036	0	2	2	305	1	2	305	3	305	4	16	193	32	5	0
3036	0	3	3	305	1	69	305	6	305	8	16	193	30	5	0
3036	0	4	4	305	1	155	305	2	305	4	16	193	20	5	0
3036	0	5	5	305	1	101	305	4	305	6	16	193	44	5	0
3036	0	6	6	305	1	22	305	2	305	7	16	193	23	5	0
3036	0	7	7	305	1	48	305	1	305	8	16	193	0	5	0
3036	0	8	8	305	1	168	305	1	305	2	16	193	10	5	0
3036	0	9	9	305	1	172	305	5	305	6	16	193	19	5	0
3036	0	10	10	305	1	86	305	3	305	7	16	193	32	5	0
3036	0	11	11	305	1	98	305	1	305	3	16	193	40	5	0
3116	0	1	1	313	1	3	313	4	313	5	16	193	15	5	0
3116	0	2	2	313	1	11	313	4	313	6	16	193	15	5	0
3116	0	3	3	313	1	64	313	1	313	3	16	193	1	5	0
3116	0	4	4	313	1	59	313	4	313	5	16	193	1	5	0
3116	0	5	5	313	1	170	313	3	313	4	16	193	15	5	0
3116	0	6	6	313	1	69	313	6	313	8	16	193	30	5	0
3116	0	7	7	313	1	82	313	3	313	7	16	193	14	5	0
3116	0	8	8	313	1	163	313	3	313	4	16	193	15	5	0
3116	0	9	9	313	1	164	313	4	313	5	16	193	7	5	0
3116	0	10	10	313	1	74	313	3	313	6	16	193	30	5	0
3116	0	11	11	313	1	20	313	5	313	8	16	193	13	5	0
3156	0	1	1	317	1	34	317	3	317	8	16	193	2	5	0
3156	0	2	2	317	1	164	317	4	317	5	16	193	41	5	0
3156	0	3	3	317	1	155	317	2	317	4	16	193	28	5	0
3156	0	4	4	317	1	85	317	2	317	6	16	193	43	5	0
3156	0	5	5	317	1	46	317	5	317	7	16	193	32	5	0
3156	0	6	6	317	1	18	317	3	317	6	16	193	6	5	0
3156	0	7	7	317	1	81	317	2	317	6	16	193	25	5	0
3156	0	8	8	317	1	61	317	6	317	7	16	193	20	5	0
3156	0	9	9	317	1	76	317	5	317	8	16	193	28	5	0
3156	0	10	10	317	1	50	317	2	317	3	16	193	10	5	0
3156	0	11	11	317	1	60	317	5	317	6	16	193	4	5	0
3236	0	1	1	325	1	116	325	5	325	6	16	193	29	5	0
3236	0	2	2	325	1	97	325	2	325	8	16	193	28	5	0
3236	0	3	3	325	1	24	325	1	325	5	16	193	31	5	0
3236	0	4	4	325	1	151	325	5	325	8	16	193	45	5	0
3236	0	5	5	325	1	81	325	2	325	6	16	193	7	5	0
3236	0	6	6	325	1	170	325	3	325	4	16	193	35	5	0
3236	0	7	7	325	1	125	325	6	325	8	16	193	36	5	0
3236	0	8	8	325	1	0	325	1	325	2	16	193	32	5	0
3236	0	9	9	325	1	120	325	1	325	3	16	193	6	5	0
3236	0	10	10	325	1	72	325	1	325	4	16	193	9	5	0
3236	0	11	11	325	1	147	325	1	325	4	16	193	42	5	0
3316	0	1	1	333	1	38	333	4	333	7	16	193	44	5	0
3316	0	2	2	333	1	33	333	2	333	7	16	193	30	5	0
3316	0	3	3	333	1	153	333	2	333	8	16	193	32	5	0
3316	0	4	4	333	1	144	333	1	333	6	16	193	0	5	0
3316	0	5	5	333	1	147	333	1	333	4	16	193	45	5	0
3316	0	6	6	333	1	8	333	1	333	3	16	193	2	5	0
3316	0	7	7	333	1	86	333	3	333	7	16	193	32	5	0
3316	0	8	8	333	1	34	333	3	333	8	16	193	26	5	0
3316	0	9	9	333	1	129	333	2	333	5	16	193	0	5	0
3316	0	10	10	333	1	136	333	1	333	5	16	193	11	5	0
3316	0	11	11	333	1	81	333	2	333	6	16	193	11	5	0
3356	0	1	1	337	1	140	337	1	337	5	16	193	35	5	0
3356	0	2	2	337	1	156	337	3	337	5	16	193	21	5	0
3356	0	3	3	337	1	88	337	1	337	6	16	193	41	5	0
3356	0	4	4	337	1	66	337	3	337	5	16	193	38	5	0
3356	0	5	5	337	1	134	337	2	337	7	16	193	24	5	0
3356	0	6	6	337	1	167	337	7	337	8	16	193	14	5	0
3356	0	7	7	337	1	127	337	2	337	8	16	193	37	5	0
3356	0	8	8	337	1	131	337	4	337	7	16	193	20	5	0
3356	0	9	9	337	1	167	337	7	337	8	16	193	16	5	0
3356	0	10	10	337	1	138	337	3	337	7	16	193	16	5	0
3356	0	11	11	337	1	47	337	6	337	8	16	193	39	5	0
3436	0	1	1	345	1	80	345	1	345	5	16	193	45	5	0
3436	0	2	2	345	1	25	345	2	345	6	16	193	22	5	0
3436	0	3	3	345	1	109	345	5	345	6	16	193	2	5	0
3436	0	4	4	345	1	118	345	7	345	8	16	193	14	5	0
3436	0	5	5	345	1	11	345	4	345	6	16	193	12	5	0
3436	0	6	6	345	1	127	345	2	345	8	16	193	31	5	0
3436	0	7	7	345	1	42	345	1	345	3	16	193	8	5	0
3436	0	8	8	345	1	4	345	5	345	6	16	193	1	5	0
3436	0	9	9	345	1	64	345	1	345	3	16	193	4	5	0
3436	0	10	10	345	1	4	345	5	345	6	16	193	39	5	0
3436	0	11	11	345	1	149	345	3	345	6	16	193	25	5	0
3476	0	1	1	349	1	158	349	5	349	7	16	193	3	5	0
3476	0	2	2	349	1	6	349	7	349	8	16	193	10	5	0
3476	0	3	3	349	1	22	349	2	349	7	16	193	18	5	0
3476	0	4	4	349	1	58	349	3	349	4	16	193	14	5	0
3476	0	5	5	349	1	82	349	3	349	7	16	193	26	5	0
3476	0	6	6	349	1	145	349	2	349	7	16	193	19	5	0
3476	0	7	7	349	1	5	349	6	349	7	16	193	19	5	0
3476	0	8	8	349	1	109	349	5	349	6	16	193	14	5	0
3476	0	9	9	349	1	82	349	3	349	7	16	193	27	5	0
3476	0	10	10	349	1	66	349	3	349	5	16	193	38	5	0
3476	0	11	11	349	1	73	349	2	349	5	16	193	35	5	0
3556	0	1	1	357	1	57	357	2	357	3	16	193	35	5	0
3556	0	2	2	357	1	38	357	4	357	7	16	193	36	5	0
3556	0	3	3	357	1	108	357	4	357	5	16	193	14	5	0
3556	0	4	4	357	1	0	357	1	357	2	16	193	1	5	0
3556	0	5	5	357	1	107	357	3	357	4	16	193	40	5	0
3556	0	6	6	357	1	160	357	1	357	8	16	193	40	5	0
3556	0	7	7	357	1	168	357	1	357	2	16	193	36	5	0
3556	0	8	8	357	1	27	357	4	357	8	16	193	1	5	0
3556	0	9	9	357	1	52	357	4	357	5	16	193	12	5	0
3556	0	10	10	357	1	137	357	2	357	6	16	193	9	5	0
3556	0	11	11	357	1	119	357	1	357	8	16	193	39	5	0
3636	0	1	1	365	1	44	365	3	365	5	16	193	34	5	0
3636	0	2	2	365	1	145	365	2	365	7	16	193	19	5	0
3636	0	3	3	365	1	126	365	1	365	7	16	193	4	5	0
3636	0	4	4	365	1	104	365	1	365	8	16	193	1	5	0
3636	0	5	5	365	1	163	365	3	365	4	16	193	12	5	0
3636	0	6	6	365	1	64	365	1	365	3	16	193	40	5	0
3636	0	7	7	365	1	172	365	5	365	6	16	193	1	5	0
3636	0	8	8	365	1	42	365	1	365	3	16	193	0	5	0
3636	0	9	9	365	1	18	365	3	365	6	16	193	8	5	0
3636	0	10	10	365	1	98	365	1	365	3	16	193	27	5	0
3636	0	11	11	365	1	13	365	6	365	8	16	193	38	5	0
3676	0	1	1	369	1	33	369	2	369	7	16	193	16	5	0
3676	0	2	2	369	1	120	369	1	369	3	16	193	33	5	0
3676	0	3	3	369	1	46	369	5	369	7	16	193	24	5	0
3676	0	4	4	369	1	37	369	3	369	6	16	193	11	5	0
3676	0	5	5	369	1	106	369	2	369	3	16	193	40	5	0
3676	0	6	6	369	1	39	369	5	369	8	16	193	35	5	0
3676	0	7	7	369	1	80	369	1	369	5	16	193	28	5	0
3676	0	8	8	369	1	100	369	3	369	5	16	193	11	5	0
3676	0	9	9	369	1	10	369	3	369	5	16	193	2	5	0
3676	0	10	10	369	1	63	369	1	369	8	16	193	38	5	0
3676	0	11	11	369	1	6	369	7	369	8	16	193	16	5	0
3756	0	1	1	377	1	171	377	4	377	5	16	193	14	5	0
3756	0	2	2	377	1	141	377	2	377	6	16	193	5	5	0
3756	0	3	3	377	1	95	377	5	377	8	16	193	21	5	0
3756	0	4	4	377	1	102	377	5	377	7	16	193	33	5	0
3756	0	5	5	377	1	111	377	7	377	8	16	193	27	5	0
3756	0	6	6	377	1	161	377	1	377	2	16	193	30	5	0
3756	0	7	7	377	1	57	377	2	377	3	16	193	12	5	0
3756	0	8	8	377	1	17	377	2	377	5	16	193	43	5	0
3756	0	9	9	377	1	125	377	6	377	8	16	193	12	5	0
3756	0	10	10	377	1	63	377	1	377	8	16	193	33	5	0
3756	0	11	11	377	1	92	377	2	377	5	16	193	4	5	0
3796	0	1	1	381	1	17	381	2	381	5	16	193	23	5	0
3796	0	2	2	381	1	41	381	2	381	8	16	193	29	5	0
3796	0	3	3	381	1	163	381	3	381	4	16	193	43	5	0
3796	0	4	4	381	1	173	381	6	381	7	16	193	33	5	0
3796	0	5	5	381	1	159	381	6	381	8	16	193	16	5	0
3796	0	6	6	381	1	81	381	2	381	6	16	193	29	5	0
3796	0	7	7	381	1	170	381	3	381	4	16	193	32	5	0
3796	0	8	8	381	1	39	381	5	381	8	16	193	35	5	0
3796	0	9	9	381	1	39	381	5	381	8	16	193	19	5	0
3796	0	10	10	381	1	127	381	2	381	8	16	193	30	5	0
3796	0	11	11	381	1	40	381	1	381	7	16	193	20	5	0
3876	0	1	1	389	1	148	389	2	389	5	16	193	4	5	0
3876	0	2	2	389	1	135	389	3	389	8	16	193	8	5	0
3876	0	3	3	389	1	60	389	5	389	6	16	193	17	5	0
3876	0	4	4	389	1	20	389	5	389	8	16	193	28	5	0
3876	0	5	5	389	1	98	389	1	389	3	16	193	21	5	0
3876	0	6	6	389	1	97	389	2	389	8	16	193	41	5	0
3876	0	7	7	389	1	16	389	1	389	4	16	193	9	5	0
3876	0	8	8	389	1	74	389	3	389	6	16	193	19	5	0
3876	0	9	9	389	1	146	389	3	389	8	16	193	32	5	0
3876	0	10	10	389	1	64	389	1	389	3	16	193	10	5	0
3876	0	11	11	389	1	39	389	5	389	8	16	193	31	5	0
3956	0	1	1	397	1	110	397	6	397	7	16	193	5	5	0
3956	0	2	2	397	1	59	397	4	397	5	16	193	45	5	0
3956	0	3	3	397	1	171	397	4	397	5	16	193	7	5	0
3956	0	4	4	397	1	18	397	3	397	6	16	193	9	5	0
3956	0	5	5	397	1	135	397	3	397	8	16	193	37	5	0
3956	0	6	6	397	1	81	397	2	397	6	16	193	30	5	0
3956	0	7	7	397	1	77	397	1	397	6	16	193	40	5	0
3956	0	8	8	397	1	148	397	2	397	5	16	193	31	5	0
3956	0	9	9	397	1	105	397	1	397	2	16	193	9	5	0
3956	0	10	10	397	1	72	397	1	397	4	16	193	29	5	0
3956	0	11	11	397	1	111	397	7	397	8	16	193	11	5	0
3996	0	1	1	401	1	140	401	1	401	5	16	193	41	5	0
3996	0	2	2	401	1	80	401	1	401	5	16	193	4	5	0
3996	0	3	3	401	1	98	401	1	401	3	16	193	33	5	0
3996	0	4	4	401	1	132	401	5	401	8	16	193	15	5	0
3996	0	5	5	401	1	157	401	4	401	6	16	193	20	5	0
3996	0	6	6	401	1	30	401	3	401	7	16	193	27	5	0
3996	0	7	7	401	1	171	401	4	401	5	16	193	32	5	0
3996	0	8	8	401	1	4	401	5	401	6	16	193	25	5	0
3996	0	9	9	401	1	150	401	4	401	7	16	193	34	5	0
3996	0	10	10	401	1	47	401	6	401	8	16	193	5	5	0
3996	0	11	11	401	1	156	401	3	401	5	16	193	16	5	0
4076	0	1	1	409	1	66	409	3	409	5	16	193	14	5	0
4076	0	2	2	409	1	144	409	1	409	6	16	193	27	5	0
4076	0	3	3	409	1	154	409	1	409	3	16	193	42	5	0
4076	0	4	4	409	1	113	409	2	409	3	16	193	31	5	0
4076	0	5	5	409	1	84	409	1	409	5	16	193	15	5	0
4076	0	6	6	409	1	33	409	2	409	7	16	193	6	5	0
4076	0	7	7	409	1	109	409	5	409	6	16	193	7	5	0
4076	0	8	8	409	1	78	409	2	409	7	16	193	27	5	0
4076	0	9	9	409	1	52	409	4	409	5	16	193	12	5	0
4076	0	10	10	409	1	142	409	3	409	7	16	193	37	5	0
4076	0	11	11	409	1	81	409	2	409	6	16	193	33	5	0
4116	0	1	1	413	1	11	413	4	413	6	16	193	15	5	0
4116	0	2	2	413	1	66	413	3	413	5	16	193	39	5	0
4116	0	3	3	413	1	173	413	6	413	7	16	193	9	5	0
4116	0	4	4	413	1	70	413	1	413	7	16	193	40	5	0
4116	0	5	5	413	1	79	413	3	413	8	16	193	14	5	0
4116	0	6	6	413	1	64	413	1	413	3	16	193	24	5	0
4116	0	7	7	413	1	60	413	5	413	6	16	193	14	5	0
4116	0	8	8	413	1	84	413	1	413	5	16	193	42	5	0
4116	0	9	9	413	1	113	413	2	413	3	16	193	14	5	0
4116	0	10	10	413	1	138	413	3	413	7	16	193	30	5	0
4116	0	11	11	413	1	98	413	1	413	3	16	193	38	5	0
4196	0	1	1	421	1	139	421	4	421	8	16	193	10	5	0
4196	0	2	2	421	1	149	421	3	421	6	16	193	18	5	0
4196	0	3	3	421	1	148	421	2	421	5	16	193	40	5	0
4196	0	4	4	421	1	165	421	5	421	6	16	193	12	5	0
4196	0	5	5	421	1	85	421	2	421	6	16	193	38	5	0
4196	0	6	6	421	1	93	421	3	421	6	16	193	14	5	0
4196	0	7	7	421	1	149	421	3	421	6	16	193	3	5	0
4196	0	8	8	421	1	2	421	3	421	4	16	193	43	5	0
4196	0	9	9	421	1	92	421	2	421	5	16	193	7	5	0
4196	0	10	10	421	1	15	421	2	421	8	16	193	5	5	0
4196	0	11	11	421	1	32	421	1	421	6	16	193	6	5	0
4276	0	1	1	429	1	126	429	1	429	7	16	193	31	5	0
4276	0	2	2	429	1	117	429	6	429	7	16	193	26	5	0
4276	0	3	3	429	1	117	429	6	429	7	16	193	43	5	0
4276	0	4	4	429	1	92	429	2	429	5	16	193	35	5	0
4276	0	5	5	429	1	111	429	7	429	8	16	193	18	5	0
4276	0	6	6	429	1	108	429	4	429	5	16	193	22	5	0
4276	0	7	7	429	1	48	429	1	429	8	16	193	20	5	0
4276	0	8	8	429	1	123	429	4	429	6	16	193	23	5	0
4276	0	9	9	429	1	118	429	7	429	8	16	193	12	5	0
4276	0	10	10	429	1	42	429	1	429	3	16	193	4	5	0
4276	0	11	11	429	1	112	429	1	429	2	16	193	1	5	0
4316	0	1	1	433	1	102	433	5	433	7	16	193	14	5	0
4316	0	2	2	433	1	160	433	1	433	8	16	193	31	5	0
4316	0	3	3	433	1	122	433	3	433	5	16	193	23	5	0
4316	0	4	4	433	1	35	433	1	433	4	16	193	7	5	0
4316	0	5	5	433	1	144	433	1	433	6	16	193	9	5	0
4316	0	6	6	433	1	94	433	4	433	7	16	193	24	5	0
4316	0	7	7	433	1	48	433	1	433	8	16	193	14	5	0
4316	0	8	8	433	1	46	433	5	433	7	16	193	15	5	0
4316	0	9	9	433	1	134	433	2	433	7	16	193	30	5	0
4316	0	10	10	433	1	166	433	6	433	7	16	193	41	5	0
4316	0	11	11	433	1	12	433	5	433	7	16	193	16	5	0
4396	0	1	1	441	1	175	441	1	441	8	16	193	10	5	0
4396	0	2	2	441	1	87	441	4	441	8	16	193	27	5	0
4396	0	3	3	441	1	139	441	4	441	8	16	193	17	5	0
4396	0	4	4	441	1	105	441	1	441	2	16	193	26	5	0
4396	0	5	5	441	1	152	441	1	441	7	16	193	11	5	0
4396	0	6	6	441	1	136	441	1	441	5	16	193	2	5	0
4396	0	7	7	441	1	55	441	7	441	8	16	193	15	5	0
4396	0	8	8	441	1	47	441	6	441	8	16	193	15	5	0
4396	0	9	9	441	1	145	441	2	441	7	16	193	23	5	0
4396	0	10	10	441	1	18	441	3	441	6	16	193	22	5	0
4396	0	11	11	441	1	107	441	3	441	4	16	193	28	5	0
4436	0	1	1	445	1	153	445	2	445	8	16	193	34	5	0
4436	0	2	2	445	1	158	445	5	445	7	16	193	38	5	0
4436	0	3	3	445	1	74	445	3	445	6	16	193	7	5	0
4436	0	4	4	445	1	56	445	1	445	2	16	193	19	5	0
4436	0	5	5	445	1	112	445	1	445	2	16	193	8	5	0
4436	0	6	6	445	1	42	445	1	445	3	16	193	2	5	0
4436	0	7	7	445	1	59	445	4	445	5	16	193	14	5	0
4436	0	8	8	445	1	73	445	2	445	5	16	193	4	5	0
4436	0	9	9	445	1	150	445	4	445	7	16	193	40	5	0
4436	0	10	10	445	1	73	445	2	445	5	16	193	2	5	0
4436	0	11	11	445	1	138	445	3	445	7	16	193	17	5	0
4516	0	1	1	453	1	92	453	2	453	5	16	193	41	5	0
4516	0	2	2	453	1	6	453	7	453	8	16	193	45	5	0
4516	0	3	3	453	1	96	453	1	453	7	16	193	14	5	0
4516	0	4	4	453	1	169	453	2	453	3	16	193	7	5	0
4516	0	5	5	453	1	113	453	2	453	3	16	193	9	5	0
4516	0	6	6	453	1	65	453	2	453	4	16	193	18	5	0
4516	0	7	7	453	1	30	453	3	453	7	16	193	39	5	0
4516	0	8	8	453	1	99	453	2	453	4	16	193	2	5	0
4516	0	9	9	453	1	173	453	6	453	7	16	193	21	5	0
4516	0	10	10	453	1	127	453	2	453	8	16	193	7	5	0
4516	0	11	11	453	1	162	453	2	453	3	16	193	30	5	0
4596	0	1	1	461	1	132	461	5	461	8	16	193	33	5	0
4596	0	2	2	461	1	104	461	1	461	8	16	193	43	5	0
4596	0	3	3	461	1	28	461	1	461	5	16	193	43	5	0
4596	0	4	4	461	1	18	461	3	461	6	16	193	26	5	0
4596	0	5	5	461	1	137	461	2	461	6	16	193	5	5	0
4596	0	6	6	461	1	43	461	2	461	4	16	193	36	5	0
4596	0	7	7	461	1	29	461	2	461	6	16	193	35	5	0
4596	0	8	8	461	1	170	461	3	461	4	16	193	20	5	0
4596	0	9	9	461	1	62	461	7	461	8	16	193	39	5	0
4596	0	10	10	461	1	162	461	2	461	3	16	193	4	5	0
4596	0	11	11	461	1	131	461	4	461	7	16	193	34	5	0
4636	0	1	1	465	1	49	465	1	465	2	16	193	36	5	0
4636	0	2	2	465	1	86	465	3	465	7	16	193	8	5	0
4636	0	3	3	465	1	112	465	1	465	2	16	193	4	5	0
4636	0	4	4	465	1	40	465	1	465	7	16	193	13	5	0
4636	0	5	5	465	1	130	465	3	465	6	16	193	19	5	0
4636	0	6	6	465	1	152	465	1	465	7	16	193	14	5	0
4636	0	7	7	465	1	43	465	2	465	4	16	193	28	5	0
4636	0	8	8	465	1	175	465	1	465	8	16	193	13	5	0
4636	0	9	9	465	1	17	465	2	465	5	16	193	34	5	0
4636	0	10	10	465	1	27	465	4	465	8	16	193	3	5	0
4636	0	11	11	465	1	93	465	3	465	6	16	193	19	5	0
4716	0	1	1	473	1	21	473	1	473	6	16	193	8	5	0
4716	0	2	2	473	1	143	473	4	473	8	16	193	18	5	0
4716	0	3	3	473	1	112	473	1	473	2	16	193	29	5	0
4716	0	4	4	473	1	61	473	6	473	7	16	193	27	5	0
4716	0	5	5	473	1	7	473	1	473	8	16	193	20	5	0
4716	0	6	6	473	1	86	473	3	473	7	16	193	35	5	0
4716	0	7	7	473	1	4	473	5	473	6	16	193	15	5	0
4716	0	8	8	473	1	143	473	4	473	8	16	193	40	5	0
4716	0	9	9	473	1	33	473	2	473	7	16	193	24	5	0
4716	0	10	10	473	1	102	473	5	473	7	16	193	7	5	0
4716	0	11	11	473	1	67	473	4	473	6	16	193	18	5	0
4756	0	1	1	477	1	116	477	5	477	6	16	193	2	5	0
4756	0	2	2	477	1	34	477	3	477	8	16	193	39	5	0
4756	0	3	3	477	1	168	477	1	477	2	16	193	0	5	0
4756	0	4	4	477	1	126	477	1	477	7	16	193	40	5	0
4756	0	5	5	477	1	116	477	5	477	6	16	193	35	5	0
4756	0	6	6	477	1	39	477	5	477	8	16	193	13	5	0
4756	0	7	7	477	1	99	477	2	477	4	16	193	39	5	0
4756	0	8	8	477	1	119	477	1	477	8	16	193	1	5	0
4756	0	9	9	477	1	26	477	3	477	7	16	193	11	5	0
4756	0	10	10	477	1	173	477	6	477	7	16	193	35	5	0
4756	0	11	11	477	1	131	477	4	477	7	16	193	34	5	0
4836	0	1	1	485	1	143	485	4	485	8	16	193	26	5	0
4836	0	2	2	485	1	152	485	1	485	7	16	193	37	5	0
4836	0	3	3	485	1	174	485	7	485	8	16	193	34	5	0
4836	0	4	4	485	1	124	485	5	485	7	16	193	13	5	0
4836	0	5	5	485	1	162	485	2	485	3	16	193	33	5	0
4836	0	6	6	485	1	50	485	2	485	3	16	193	27	5	0
4836	0	7	7	485	1	12	485	5	485	7	16	193	45	5	0
4836	0	8	8	485	1	16	485	1	485	4	16	193	15	5	0
4836	0	9	9	485	1	80	485	1	485	5	16	193	2	5	0
4836	0	10	10	485	1	116	485	5	485	6	16	193	21	5	0
4836	0	11	11	485	1	13	485	6	485	8	16	193	10	5	0
4916	0	1	1	493	1	62	493	7	493	8	16	193	9	5	0
4916	0	2	2	493	1	95	493	5	493	8	16	193	32	5	0
4916	0	3	3	493	1	54	493	6	493	7	16	193	33	5	0
4916	0	4	4	493	1	112	493	1	493	2	16	193	43	5	0
4916	0	5	5	493	1	147	493	1	493	4	16	193	3	5	0
4916	0	6	6	493	1	131	493	4	493	7	16	193	43	5	0
4916	0	7	7	493	1	150	493	4	493	7	16	193	16	5	0
4916	0	8	8	493	1	1	493	2	493	3	16	193	12	5	0
4916	0	9	9	493	1	21	493	1	493	6	16	193	10	5	0
4916	0	10	10	493	1	15	493	2	493	8	16	193	39	5	0
4916	0	11	11	493	1	153	493	2	493	8	16	193	0	5	0
4956	0	1	1	497	1	50	497	2	497	3	16	193	1	5	0
4956	0	2	2	497	1	61	497	6	497	7	16	193	0	5	0
4956	0	3	3	497	1	88	497	1	497	6	16	193	0	5	0
4956	0	4	4	497	1	71	497	2	497	8	16	193	32	5	0
4956	0	5	5	497	1	156	497	3	497	5	16	193	41	5	0
4956	0	6	6	497	1	11	497	4	497	6	16	193	13	5	0
4956	0	7	7	497	1	131	497	4	497	7	16	193	7	5	0
4956	0	8	8	497	1	97	497	2	497	8	16	193	22	5	0
4956	0	9	9	497	1	119	497	1	497	8	16	193	33	5	0
4956	0	10	10	497	1	162	497	2	497	3	16	193	4	5	0
4956	0	11	11	497	1	51	497	3	497	4	16	193	33	5	0
